src	dst
0	1
0	2
0	469
1	0
1	6
1	385
2	0
2	3
469	0
469	380
469	37415
6	1
6	5
385	1
385	384
385	386
3	2
3	4
3	419
3	422
4	3
4	5
4	98
4	420
419	3
419	420
419	35698
422	3
422	183
422	423
422	37415
5	4
5	6
5	98
98	4
98	5
98	470
98	35729
420	4
420	419
420	35709
7	8
7	9
7	79
8	7
8	33
9	7
9	10
9	84
79	7
79	78
79	119
33	8
33	32
33	34
10	9
10	11
10	84
10	110
84	9
84	10
84	83
84	85
11	10
11	12
11	110
110	10
110	11
110	111
110	112
12	11
12	13
12	95
12	108
13	12
13	14
13	94
13	95
108	12
108	109
108	113
108	123
95	12
95	13
95	96
14	13
14	15
14	16
14	77
94	13
94	77
94	93
15	14
16	14
16	17
77	14
77	17
77	94
17	16
17	18
17	77
17	3254
18	17
18	19
18	3254
3254	17
3254	18
3254	3255
3254	36971
19	18
19	20
19	23
20	19
20	21
20	22
23	19
23	24
23	25
21	20
22	20
24	23
25	23
25	26
25	27
26	25
27	25
27	28
27	29
28	27
29	27
29	30
29	3255
30	29
30	31
30	3247
30	3253
3255	29
3255	3253
3255	3254
3255	35943
31	30
31	32
31	3246
3247	30
3247	3248
3247	3249
3253	30
3253	3204
3253	3255
3253	35950
32	31
32	33
32	2203
3246	31
3246	2203
3246	3252
3246	3257
2203	32
2203	2146
2203	2204
2203	3246
34	33
35	36
35	50
35	1199
36	35
36	37
36	35885
36	1645159
50	35
50	49
50	185
1199	35
1199	1198
1199	1205
37	36
37	38
37	1641586
35885	36
35885	35884
35885	1645157
1645159	36
1645159	1645156
1645159	1645157
1645159	1648644
38	37
38	39
38	1641586
1641586	37
1641586	38
1641586	1633418
39	38
39	40
39	1641587
40	39
40	41
40	1641577
1641587	39
1641587	1633418
1641587	1641576
1641587	1641606
41	40
41	42
41	1641355
1641577	40
1641577	1641363
1641577	1641576
42	41
42	43
42	1639779
1641355	41
1641355	1628954
1641355	1639780
1641355	1641363
43	42
43	44
43	1639779
1639779	42
1639779	43
1639779	1639780
44	43
44	45
44	1542024
45	44
45	46
45	1154
45	1538392
1542024	44
1542024	1542023
1542024	1639781
46	45
46	47
46	27108
46	27325
1154	45
1154	1153
1154	1155
1538392	45
1538392	1538362
1538392	1538390
1538392	1538391
47	46
47	48
47	27325
27108	46
27108	27107
27108	27250
27325	46
27325	47
27325	27323
27325	27335
48	47
48	49
48	27343
49	48
49	50
49	184
27343	48
27343	27342
27343	35887
27343	39411
184	49
184	185
184	35886
185	50
185	184
185	1198
52	53
52	54
52	4152
53	52
53	54
53	223
53	225
54	52
54	53
54	4120
4152	52
4152	4148
4152	4153
4152	4156
223	53
223	224
223	3937
223	4113
225	53
225	224
225	4114
225	4148
4120	54
4120	3937
4120	4153
4120	4154
55	56
55	57
55	1068
55	1099
56	55
56	76
56	1069
57	55
57	58
57	1071
57	1072
1068	55
1068	1069
1068	1096
1068	1116
1068	36235
1099	55
76	56
76	74
76	1075
1069	56
1069	1068
1069	1116
58	57
58	59
58	1089
58	32419
1072	57
1072	1070
1072	32419
1071	57
1071	1070
1071	1098
1071	1110
59	58
59	60
59	61
59	62
1089	58
1089	62
1089	171
1089	172
32419	58
32419	1072
60	59
61	59
62	59
62	63
62	1089
63	62
63	64
63	339
64	63
64	65
64	2220
339	63
339	338
339	341
339	36187
65	64
65	66
65	2155
65	2157
2220	64
2220	2219
2220	2221
66	65
66	67
66	68
66	2254
2155	65
2155	2156
2155	2254
2157	65
2157	2158
2157	2161
2157	2219
67	66
68	66
68	69
68	70
68	2251
2254	66
2254	2155
2254	2252
69	68
70	68
70	71
70	1052
70	2251
2251	68
2251	70
2251	2252
71	70
71	72
71	1049
1052	70
1052	1050
1052	2256
1052	2258
72	71
72	73
72	74
1049	71
1049	1048
1049	1050
73	72
74	72
74	75
74	76
75	74
1075	76
1075	1073
1075	1076
78	79
78	80
78	455
80	78
80	81
455	78
455	105
455	454
119	79
119	116
119	118
119	342
81	80
81	82
81	104
82	81
82	83
82	113
104	81
104	105
104	107
104	124
83	82
83	84
83	112
113	82
113	108
113	109
112	83
112	110
112	111
112	114
85	84
86	87
86	88
86	128
86	315
87	86
87	97
87	134
88	86
88	89
88	128
315	86
315	146
128	86
128	88
128	129
128	452
97	87
97	96
97	123
97	134
134	87
134	97
134	135
134	316
89	88
89	90
89	91
90	89
91	89
91	92
92	91
92	93
93	92
93	94
93	133
133	93
133	132
133	139
96	95
96	97
123	97
123	108
123	124
470	98
470	410
470	471
470	35881
35729	98
35729	35728
35729	35881
99	100
99	101
99	136
99	6790
100	99
100	103
100	137
100	6760
101	99
101	102
101	6771
101	6790
136	99
136	137
136	421
136	6792
136	6805
6790	99
6790	101
6790	6791
6790	6792
6790	6802
103	100
103	102
103	6713
103	6748
137	100
137	136
137	421
137	6764
6760	100
6760	6748
6760	6757
6760	6764
102	101
102	103
102	6733
102	6738
6771	101
6771	6738
6771	6772
6771	6791
6733	102
6733	6722
6733	6734
6733	6736
6738	102
6738	6736
6738	6737
6738	6765
6738	6771
6738	6772
6713	103
6713	6711
6713	6714
6713	6717
6713	6734
6748	103
6748	6747
6748	6759
6748	6760
105	104
105	106
105	455
107	104
107	106
107	124
107	135
124	104
124	107
124	123
106	105
106	107
106	135
106	151
135	106
135	107
135	134
135	316
151	106
151	150
151	152
151	454
109	108
109	111
109	113
111	109
111	110
111	112
114	112
115	116
115	117
115	120
115	169
116	115
116	119
116	122
117	115
117	118
117	169
117	454
120	115
120	121
120	170
120	171
169	115
169	117
169	152
122	116
122	121
122	36184
118	117
118	119
118	453
454	117
454	151
454	453
454	455
453	118
453	454
342	119
342	338
342	340
342	36185
121	120
121	122
121	171
170	120
171	120
171	121
171	172
171	1089
36184	122
125	126
125	127
125	176
125	355
125	383
126	125
126	127
126	176
126	354
127	125
127	126
127	353
127	443
355	125
355	381
176	125
176	126
176	153
176	155
383	125
383	381
383	384
383	37498
354	126
354	153
354	353
353	127
353	354
353	356
353	358
443	127
443	442
129	128
129	130
129	154
129	444
452	128
452	145
452	41762
130	129
130	131
130	132
130	154
154	129
154	130
154	153
154	356
444	129
444	359
444	36966
444	41761
131	130
132	130
132	133
132	138
138	132
138	139
138	155
139	133
139	138
139	387
316	134
316	135
316	150
421	136
421	137
421	6770
421	6793
6792	136
6792	6790
6792	6802
6792	6805
6805	136
6805	6792
6805	6793
6805	6797
6764	137
6764	6760
6764	6763
6764	6766
155	138
155	153
155	176
387	139
387	386
387	388
140	141
140	142
140	391
141	140
141	142
141	388
142	140
142	141
142	389
391	140
391	389
388	141
388	387
388	392
389	142
389	390
389	391
143	144
143	146
143	177
144	143
144	145
144	178
144	186
146	143
146	145
146	315
177	143
177	178
177	187
145	144
145	146
145	452
145	41763
178	144
178	177
178	186
186	144
186	178
186	187
41763	145
147	148
147	149
147	166
147	167
148	147
148	152
148	168
149	147
149	150
149	317
166	147
166	162
166	36963
167	147
152	148
152	151
152	169
168	148
150	149
150	151
150	316
317	149
317	303
317	318
153	154
153	155
153	176
153	354
356	154
356	353
356	357
356	359
156	157
156	158
156	1057
157	156
157	175
157	1093
158	156
158	159
158	1057
1057	156
1057	158
1057	1058
175	157
175	173
175	1093
1093	157
1093	175
1093	1070
159	158
159	160
159	1056
160	159
160	161
160	36965
1056	159
1056	303
1056	1055
161	160
161	162
161	36964
36965	160
162	161
162	163
162	166
36964	161
163	162
163	164
163	165
164	163
165	163
36963	166
172	171
172	173
172	1089
173	172
173	174
173	175
174	173
187	177
187	186
187	314
179	180
179	181
179	425
179	42066
180	179
180	183
180	379
180	434
181	179
181	182
181	426
181	35695
425	179
425	424
425	426
425	42066
42066	179
42066	425
42066	42067
42066	42074
183	180
183	182
183	380
183	422
379	180
379	380
379	435
434	180
434	435
434	460
434	42076
182	181
182	183
182	423
182	35699
35695	181
35695	35696
35695	35703
35695	35746
426	181
426	424
426	425
426	35746
423	182
423	422
423	35698
35699	182
380	183
380	379
380	469
35886	184
35886	35890
35886	35891
35886	35892
1198	185
1198	1199
1198	1205
1198	35895
314	187
314	312
314	41764
188	189
188	190
188	369
189	188
189	191
189	357
189	358
190	188
190	191
190	193
190	351
369	188
369	367
369	368
191	189
191	190
191	441
357	189
357	356
357	360
358	189
358	353
358	440
193	190
193	192
193	195
193	461
351	190
351	350
351	371
441	191
441	440
441	442
192	193
192	194
192	201
194	192
194	195
194	203
194	375
201	192
201	202
201	352
195	193
195	194
195	462
461	193
461	435
461	462
203	194
203	202
203	373
375	194
375	374
375	460
375	42079
462	195
462	461
196	197
196	198
196	7178
197	196
197	200
197	23401
198	196
198	199
198	15697
7178	196
7178	7176
7178	7179
200	197
200	199
23401	197
23401	503
23401	24015
199	198
199	200
15697	198
15697	7332
15697	15686
202	201
202	203
352	201
352	350
352	373
373	203
373	205
373	352
373	372
204	205
204	206
204	213
204	372
205	204
205	209
205	373
205	374
206	204
206	207
206	433
372	204
372	213
372	373
213	204
213	211
213	212
213	372
209	205
209	208
209	344
209	374
374	205
374	209
374	375
374	42079
207	206
207	208
207	432
433	206
208	207
208	209
208	344
208	432
432	207
432	208
432	260
432	343
344	208
344	209
344	343
210	211
210	212
210	235
211	210
211	213
211	350
211	371
212	210
212	213
212	227
212	230
235	210
235	236
235	41752
371	211
371	351
371	370
371	41755
350	211
350	351
350	352
230	212
230	229
230	260
230	261
227	212
227	226
227	234
214	215
214	216
214	309
215	214
215	216
215	312
216	214
216	215
216	308
309	214
309	310
309	311
312	215
312	313
312	314
308	216
308	307
308	36178
217	218
217	222
217	7925
218	217
218	219
218	7923
222	217
222	221
222	4895
222	4899
222	7926
7925	217
219	218
219	220
219	7922
7923	218
7923	7922
7923	7924
220	219
220	221
220	7931
7922	219
7922	7921
7922	7923
221	220
221	222
221	7901
221	7918
7931	220
7931	7932
7931	7937
7901	221
7901	7881
7901	7888
7901	7932
7918	221
7918	4895
7918	7882
7918	7887
4895	222
4895	4896
4895	7918
4899	222
4899	4898
4899	7926
7926	222
7926	4899
7926	7927
7926	43222
224	223
224	225
224	4109
224	4110
4113	223
4113	3940
4113	4110
3937	223
3937	3938
3937	3940
3937	4120
4109	224
4109	4100
4109	4114
4110	224
4110	4096
4110	4113
4114	225
4114	4099
4114	4109
4114	4117
4148	225
4148	4117
4148	4149
4148	4152
226	227
226	228
226	251
228	226
228	229
228	255
251	226
251	234
251	273
234	227
234	233
234	251
229	228
229	230
229	255
255	228
255	229
255	254
260	230
260	259
260	432
260	42078
261	230
231	232
231	233
231	289
232	231
232	236
232	245
233	231
233	234
233	273
233	276
289	231
289	276
289	288
236	232
236	235
236	250
245	232
245	244
245	246
245	247
273	233
273	251
273	274
273	275
276	233
276	277
276	278
276	289
41752	235
41752	41753
41752	41754
250	236
250	243
250	247
250	248
237	238
237	239
237	3930
238	237
238	239
238	241
238	3295
239	237
239	238
239	240
239	3271
239	3889
3930	237
3930	3889
3930	3931
241	238
241	240
241	3292
3295	238
3295	3296
3295	4080
240	239
240	241
240	3276
3271	239
3271	3272
3271	3888
3889	239
3889	3890
3889	3930
3276	240
3276	3275
3276	3277
3276	3292
3292	241
3292	3276
3292	3291
242	243
242	244
242	36178
243	242
243	248
243	250
244	242
244	245
244	36218
36178	242
36178	253
36178	308
248	243
248	247
248	249
248	250
36218	244
36218	36219
246	245
247	245
247	248
247	250
249	248
252	253
252	1159
253	252
253	36178
1159	252
1159	307
1159	1158
254	255
254	256
256	254
256	257
257	256
257	258
257	272
258	257
258	259
258	35850
258	42587
272	257
272	271
272	42587
259	258
259	260
259	35851
259	42078
35850	258
35850	35851
35850	36974
35850	42588
42587	258
42587	272
42587	42586
35851	259
35851	35850
35851	36974
35851	36975
42078	259
42078	260
42078	42077
262	263
262	264
262	549
263	262
263	278
263	288
263	550
264	262
264	265
264	267
549	262
549	548
278	263
278	276
278	279
288	263
288	289
288	36211
550	263
550	525
550	36210
265	264
265	266
267	264
267	268
267	1918
266	265
268	267
268	269
268	290
268	297
1918	267
1918	1919
1918	36987
269	268
269	270
269	42585
290	268
290	291
290	327
290	1920
297	268
297	296
297	42583
270	269
270	271
270	301
42585	269
271	270
271	272
271	301
301	270
301	271
301	42582
274	273
275	273
277	276
279	278
280	281
280	282
280	35769
281	280
281	285
281	42598
282	280
282	283
282	286
282	35773
35769	280
35769	35768
35769	35852
285	281
285	284
285	35845
285	35846
42598	281
42598	35841
42598	35854
42598	42600
283	282
283	284
283	286
286	282
286	283
286	287
286	35772
35773	282
284	283
284	285
284	287
284	35846
287	284
287	286
287	35775
287	35847
35846	284
35846	285
35846	35845
35846	35847
35845	285
35845	35844
35845	35846
35772	286
35772	35771
35775	287
35775	35774
35775	42570
35847	287
35847	35846
35847	35848
36211	288
36211	36212
36211	36215
291	290
291	292
291	327
327	290
327	291
327	1919
1920	290
292	291
292	293
292	480
293	292
293	294
293	480
293	35805
480	292
480	293
480	479
294	293
294	295
294	35795
294	35796
35805	293
295	294
295	296
35796	294
35796	35795
35796	35797
35796	35799
35795	294
35795	35770
35795	35796
296	295
296	297
296	42583
42583	296
42583	297
42583	42582
42583	42584
298	299
298	300
298	42582
299	298
299	300
299	42586
300	298
300	299
300	35863
42582	298
42582	301
42582	42583
42582	42586
42586	299
42586	42582
42586	42587
35863	300
35863	35768
35863	35770
35863	36974
302	303
302	304
302	305
303	302
303	317
303	1056
303	1092
304	302
305	302
305	306
305	1103
305	1156
1092	303
1092	1090
1092	1100
1092	1143
306	305
306	307
306	1158
1103	305
1103	1101
1103	1124
1156	305
1156	1157
1156	1165
307	306
307	308
307	1159
1158	306
1158	1157
1158	1159
310	309
311	309
313	312
41764	314
318	317
319	320
320	319
321	322
321	323
321	326
321	3481
322	321
322	324
322	325
322	3479
323	321
323	324
323	3430
323	3432
326	321
326	325
326	4173
326	4175
3481	321
3481	3434
3481	4173
324	322
324	323
324	3431
324	3475
325	322
325	326
325	3480
325	4175
325	4181
3479	322
3479	3475
3479	3480
3479	3482
3432	323
3432	3369
3432	3429
3432	3434
3430	323
3430	3415
3430	3427
3430	3431
3431	324
3431	3416
3431	3430
3431	3474
3475	324
3475	3474
3475	3476
3475	3479
3480	325
3480	3424
3480	3479
3480	4178
4175	325
4175	326
4175	4174
4175	4179
4181	325
4181	4178
4181	4179
4181	4182
4173	326
4173	3481
4173	4132
4173	4174
1919	327
1919	1918
1919	36979
1919	36980
328	329
328	330
328	40094
329	328
329	330
329	11435
330	328
330	329
330	12041
40094	328
11435	329
11435	11433
11435	11434
12041	330
12041	12022
12041	12058
331	332
331	333
331	386
332	331
332	333
332	35734
333	331
333	332
333	404
386	331
386	385
386	387
386	36967
35734	332
35734	35731
35734	35735
404	333
404	405
334	335
334	337
335	334
335	336
337	334
337	336
337	12138
336	335
336	337
336	12176
12176	336
12176	11433
12176	12175
12176	12202
12138	337
12138	12032
12138	12033
338	339
338	340
338	342
338	36186
340	338
340	341
340	342
36186	338
341	339
341	340
341	2202
36187	339
2202	341
36185	342
343	344
343	432
343	42082
42082	343
42082	42081
42082	42594
42082	42595
345	346
345	347
345	3294
346	345
346	349
346	3290
346	3291
346	3338
347	345
347	348
347	3285
347	3294
3294	345
3294	347
3294	3290
349	346
349	348
349	3338
349	3339
3290	346
3290	3293
3290	3294
3291	346
3291	3292
3291	3296
3338	346
3338	349
3338	3296
348	347
348	349
348	3319
3285	347
3285	3284
3285	3286
3285	3319
3319	348
3319	3285
3319	3314
3319	3339
3339	349
3339	3319
3339	3340
3339	3347
3339	36261
381	355
381	382
381	383
359	356
359	360
359	361
359	444
360	357
360	359
360	362
440	358
440	441
361	359
361	362
361	36966
362	360
362	361
362	363
362	41760
36966	361
36966	444
363	362
363	364
363	370
363	41759
41760	362
364	363
364	365
364	366
370	363
370	366
370	371
370	41758
41759	363
365	364
366	364
366	367
366	370
367	366
367	368
367	369
368	367
368	369
41758	370
41755	371
41755	41756
41755	41757
42079	374
42079	375
42079	460
42079	42597
460	375
460	434
460	42074
460	42079
376	377
376	378
376	16472
377	376
377	378
377	12226
377	12227
378	376
378	377
378	12230
378	12247
16472	376
16472	1176
16472	37523
12226	377
12226	12225
12226	16399
12227	377
12227	12228
12227	12229
12230	378
12230	12231
12247	378
12247	12248
12247	37522
435	379
435	434
435	461
382	381
382	392
382	393
392	382
392	388
392	393
393	382
393	392
384	383
384	385
384	468
37498	383
37498	468
468	384
468	442
468	37498
36967	386
390	389
394	395
394	396
394	7162
395	394
395	399
395	42094
396	394
396	397
396	7163
7162	394
7162	7163
7162	7184
7162	7186
399	395
399	398
399	457
42094	395
42094	457
42094	7184
42094	42329
397	396
397	398
397	3263
7163	396
7163	3263
7163	7162
7163	7186
398	397
398	399
398	3261
3263	397
3263	3264
3263	7163
3263	21184
3261	398
3261	3262
3261	20839
457	399
457	456
457	459
457	20849
457	41945
457	42094
400	401
400	403
400	592
401	400
401	402
401	41613
403	400
403	402
403	450
592	400
592	591
592	2661
402	401
402	403
402	445
41613	401
41613	2625
41613	42211
445	402
445	446
445	40748
450	403
450	449
450	451
405	404
405	410
405	411
410	405
410	411
410	470
410	472
411	405
411	410
411	36193
406	407
406	408
406	6024
407	406
407	409
407	6025
407	36209
408	406
408	409
408	6300
6024	406
6024	6025
6024	6048
409	407
409	408
409	5636
409	6301
6025	407
6025	6024
6025	6049
6025	36224
36209	407
36209	5636
36209	36224
6300	408
6300	6301
6300	6302
5636	409
5636	5637
5636	5638
5636	36209
6301	409
6301	5637
6301	6300
472	410
472	471
472	473
36193	411
36193	35717
412	413
412	414
412	683
413	412
413	418
413	755
413	7795
414	412
414	415
414	682
683	412
683	677
683	699
418	413
418	417
418	7794
755	413
755	756
755	758
755	7793
7795	413
7795	7792
7795	7794
415	414
415	416
415	682
682	414
682	415
682	681
416	415
416	417
416	1025
417	416
417	418
417	1024
417	7757
1025	416
1024	417
1024	1023
1024	7756
7757	417
7757	7755
7757	7756
7757	7794
7794	418
7794	7757
7794	7787
7794	7795
35698	419
35698	423
35698	35405
35698	35709
35709	420
35709	35698
35709	35710
6770	421
6770	6769
6770	6793
6793	421
6793	6770
6793	6794
6793	6798
6793	6805
37415	422
37415	469
424	425
424	426
424	427
427	424
427	35747
427	42052
35746	426
35746	35695
35746	35703
35747	427
35747	35748
35747	35749
35747	42058
42052	427
42052	42053
42052	42054
42052	42067
428	429
428	430
428	7190
428	40005
429	428
429	431
429	12629
429	40022
430	428
430	431
430	5927
430	5970
7190	428
7190	611
7190	7156
40005	428
40005	40006
431	429
431	430
431	5925
431	12629
12629	429
12629	431
12629	6855
40022	429
40022	40015
40022	40017
40022	40023
5927	430
5927	5928
5927	5929
5927	5971
5970	430
5970	5971
5970	7130
5925	431
5925	5926
42076	434
436	437
436	439
436	23898
437	436
437	438
437	33468
439	436
439	438
439	20655
439	23896
23898	436
23898	23897
23898	40853
438	437
438	439
438	15713
438	20655
33468	437
33468	33467
33468	33469
33468	39690
20655	438
20655	439
20655	23896
20655	39962
15713	438
15713	15712
15713	15714
15713	40848
23896	439
23896	20655
23896	23897
23896	39978
442	441
442	443
442	468
41761	444
446	445
446	447
446	2648
40748	445
40748	40749
40748	42208
447	446
447	448
447	2647
2648	446
2648	2649
2648	40749
448	447
448	449
2647	447
2647	2646
2647	2934
2647	2938
449	448
449	450
449	591
591	449
591	592
591	2652
451	450
41762	452
456	457
456	458
456	21970
458	456
458	459
458	20811
458	20812
458	21121
21970	456
21970	20869
21970	21969
459	457
459	458
459	21121
20849	457
20849	20848
20849	21969
41945	457
41945	21122
41945	41944
41945	42092
20811	458
20811	20813
20811	21122
20812	458
20812	20772
20812	20803
20812	20813
21121	458
21121	459
21121	21122
42074	460
42074	42066
42074	42073
42074	42596
463	464
463	467
463	20571
464	463
464	465
464	5314
464	5315
467	463
467	466
467	20718
467	25505
20571	463
20571	20572
20571	20576
20571	20725
465	464
465	466
465	40105
465	41916
5314	464
5314	5312
5314	42134
5315	464
5315	5313
5315	20576
466	465
466	467
466	41916
41916	465
41916	466
41916	41917
40105	465
40105	40104
40105	40110
20718	467
20718	20554
20718	20716
20718	20723
25505	467
25505	20534
25505	20554
25505	20556
471	470
471	472
35881	470
35881	35729
35881	35739
473	472
474	475
474	479
475	474
475	476
475	36979
475	1594983
479	474
479	478
479	480
476	475
476	477
476	36977
36979	475
36979	1919
36979	36986
1594983	475
1594983	1594984
1594983	1610675
477	476
477	478
36977	476
36977	36978
36977	1594985
478	477
478	479
478	35803
478	36976
35803	478
35803	35800
35803	35809
35803	35818
36976	478
36976	36978
481	482
481	507
482	481
482	483
482	5926
507	481
507	506
507	21548
483	482
483	484
483	4074
5926	482
5926	5805
5926	5925
484	483
484	485
484	4040
484	4074
4074	483
4074	484
4074	4041
4074	5937
485	484
485	486
4040	484
4040	4039
4040	4041
486	485
486	487
486	5809
487	486
487	488
487	489
5809	486
5809	4039
5809	5807
5809	5943
488	487
489	487
489	490
489	5808
490	489
490	491
490	5951
5808	489
5808	5807
5808	5951
491	490
491	492
491	4077
5951	490
5951	4077
5951	5808
5951	5948
492	491
492	493
492	4076
4077	491
4077	4075
4077	5951
4077	5954
493	492
493	494
493	7131
4076	492
4076	4075
4076	5813
494	493
494	495
494	7133
7131	493
7131	5813
7131	7132
7131	7152
495	494
495	496
495	7154
7133	494
7133	7132
7133	7154
496	495
496	497
496	7145
7154	495
7154	7133
7154	7153
7154	7161
7154	7206
497	496
497	498
497	7142
7145	496
7145	7142
7145	7146
7145	7207
498	497
498	499
7142	497
7142	499
7142	7141
7142	7145
499	498
499	500
499	7142
500	499
500	501
500	7141
501	500
501	502
501	7164
501	7165
501	23431
7141	500
7141	7142
7141	7144
7141	7165
502	501
502	503
502	7179
7164	501
7164	7165
7164	7166
7164	23431
7165	501
7165	7141
7165	7164
7165	7166
23431	501
23431	7164
23431	7180
503	502
503	504
503	23401
7179	502
7179	7178
7179	7180
504	503
504	505
504	4044
505	504
505	506
505	4044
505	24013
4044	504
4044	505
4044	24012
506	505
506	507
506	24012
24013	505
24013	24012
24012	506
24012	4044
24012	24013
21548	507
21548	21549
21548	24014
509	510
509	511
509	6685
510	509
510	513
510	6681
511	509
511	512
511	6684
511	6696
6685	509
6685	6679
6685	6684
6685	6699
513	510
513	512
513	6616
6681	510
6681	6621
6681	6679
6681	6682
512	511
512	513
512	6604
512	6683
6684	511
6684	6685
6684	6700
6684	6963
6696	511
6696	6683
6696	6700
6696	6953
6604	512
6604	6605
6604	6606
6604	6620
6683	512
6683	6620
6683	6696
6683	6893
6616	513
6616	6605
6616	6621
514	515
514	516
514	1119
514	5892
515	514
515	516
515	1120
516	514
516	515
516	5883
516	5884
516	5894
1119	514
1119	1118
1119	5890
1119	5896
5892	514
1120	515
1120	1118
1120	5902
5883	516
5883	5874
5883	5882
5883	5893
5884	516
5884	5862
5884	5874
5884	5894
5894	516
5894	5854
5894	5864
5894	5884
517	518
517	519
517	8146
518	517
518	520
518	8154
518	8155
519	517
519	520
519	8145
519	8153
8146	517
8146	8137
8146	8147
520	518
520	519
520	8153
520	8155
8154	518
8154	8147
8154	8156
8155	518
8155	520
8155	8152
8155	8157
8145	519
8145	8124
8145	8148
8145	8153
8153	519
8153	520
8153	8145
8153	8151
8153	8152
521	522
521	36982
521	36992
522	521
522	523
522	548
36982	521
36982	36983
36992	521
36992	36991
36992	36993
523	522
523	524
523	525
548	522
548	549
524	523
524	526
524	36201
525	523
525	526
525	550
526	524
526	525
526	1166
36201	524
36201	36200
36201	36202
1166	526
1166	1165
1166	1167
527	528
527	529
527	532
528	527
528	531
528	534
528	5432
529	527
529	530
529	5418
532	527
532	533
532	5444
532	5449
531	528
531	530
531	5421
531	5422
534	528
534	535
534	5433
534	5438
5432	528
5432	5421
5432	5433
530	529
530	531
530	5423
5418	529
5418	5368
5418	5417
5418	5424
5423	530
5423	5367
5423	5422
5423	5424
5422	531
5422	5423
5421	531
5421	5391
5421	5420
5421	5432
533	532
533	535
533	5450
5444	532
5444	5417
5444	5445
5444	5448
5449	532
5449	5450
535	533
535	534
535	5443
5450	533
5450	5449
5438	534
5438	5437
5438	5442
5438	7984
5433	534
5433	5431
5433	5432
5433	5436
5443	535
5443	5442
5443	5447
536	537
536	541
536	542
537	536
537	538
537	36981
541	536
541	540
541	36986
542	536
542	543
538	537
538	539
538	36985
538	1603443
36981	537
36981	543
539	538
539	540
539	1603442
36985	538
36985	36984
36985	1603443
1603443	538
1603443	36985
1603443	1603442
1603443	1607299
540	539
540	541
540	1594982
1603442	539
1603442	1603443
1603442	1607298
1594982	540
1594982	36986
1594982	1593601
36986	541
36986	36979
36986	1594982
543	542
543	36981
544	545
544	546
544	4371
544	4373
545	544
545	547
545	4481
546	544
546	547
4371	544
4371	4372
4371	4476
4371	4487
4373	544
4373	4372
4373	4481
4373	4485
547	545
547	546
4481	545
4481	4373
4481	4480
4481	4484
36210	550
551	552
551	553
551	559
552	551
552	555
552	556
553	551
553	554
553	36197
559	551
559	558
559	560
555	552
555	554
555	556
556	552
556	555
556	557
554	553
554	555
554	557
554	1189
36197	553
36197	36196
36197	36207
557	554
557	556
557	561
1189	554
1189	1187
1189	1190
561	557
561	568
558	559
558	560
558	2023
560	558
560	559
560	2025
560	37003
2023	558
2023	2024
2023	37015
2025	560
2025	2024
2025	37004
37003	560
37003	37004
37003	37005
568	561
568	573
562	563
562	566
562	567
563	562
563	564
563	37017
566	562
566	565
566	567
566	569
567	562
567	566
567	37020
564	563
564	565
564	37016
37017	563
37017	37018
37017	37019
565	564
565	566
565	569
37016	564
569	565
569	566
569	579
37020	567
573	568
573	577
579	569
579	578
570	571
570	572
571	570
571	589
572	570
572	574
589	571
589	578
574	572
574	580
577	573
577	575
580	574
580	587
575	576
575	577
576	575
576	588
588	576
588	590
578	579
578	589
587	580
587	590
581	582
581	583
581	22099
582	581
582	586
582	22099
583	581
583	584
583	22098
22099	581
22099	582
22099	21926
586	582
586	585
586	944
584	583
584	585
22098	583
22098	21927
22098	22151
585	584
585	586
585	944
585	22105
585	22107
585	22113
944	585
944	586
944	31944
22107	585
22107	22108
22107	22113
22105	585
22105	17398
22105	22106
22113	585
22113	22107
22113	22108
590	587
590	588
2652	591
2652	2575
2652	2653
2652	2935
2661	592
2661	2660
2661	2671
593	596
596	593
596	594
596	595
594	595
594	596
594	36021
595	594
595	596
595	36020
36021	594
36020	595
36020	36017
36020	36022
597	598
597	599
597	6851
597	7251
598	597
598	599
598	7066
599	597
599	598
599	6859
6851	597
6851	6007
6851	7261
7251	597
7251	7250
7251	7263
7066	598
7066	7068
7066	7263
7066	7351
6859	599
6859	6858
6859	7067
600	601
600	603
600	663
600	3470
601	600
601	602
601	3484
601	3498
603	600
603	602
603	664
663	600
663	665
663	3469
3470	600
3470	3469
3470	3473
3470	3494
602	601
602	603
602	3452
3484	601
3484	3452
3484	3478
3484	3497
3484	3498
3498	601
3498	3484
3498	3494
3498	3504
3452	602
3452	3453
3452	3484
664	603
664	665
664	3439
664	3451
604	605
604	606
604	676
604	36183
605	604
605	608
606	604
606	607
606	41826
676	604
676	675
676	695
676	36179
36183	604
36183	36179
36183	36182
36183	36190
608	605
608	607
608	675
607	606
607	608
607	673
41826	606
41826	41825
41826	41892
673	607
673	672
673	674
675	608
675	672
675	676
675	692
609	610
609	614
609	40021
610	609
610	611
610	6013
614	609
614	613
614	40010
40021	609
40021	40020
611	610
611	612
611	7188
611	7190
6013	610
6013	6012
6013	6014
612	611
612	613
612	40004
7188	611
7188	7189
7188	7192
613	612
613	614
613	40010
40004	612
40010	613
40010	614
40010	40009
615	616
615	617
615	1494580
616	615
616	624
616	661
617	615
617	618
1494580	615
1494580	661
1494580	1494584
624	616
624	623
624	662
661	616
661	662
661	109371
661	1494580
618	617
618	619
618	37031
619	618
619	620
619	36225
37031	618
37031	37030
37031	37033
37031	1494587
620	619
620	621
620	836
36225	619
36225	834
621	620
621	622
836	620
836	768
836	834
836	109373
622	621
622	623
623	622
623	624
662	624
662	661
662	109372
662	139985
625	626
625	648
625	12653
626	625
626	627
648	625
648	639
648	12794
12653	625
12653	12654
12653	12655
627	626
627	628
628	627
628	629
629	628
629	630
629	12608
630	629
630	631
12608	629
12608	12604
12608	12607
12608	42214
631	630
631	632
631	1094
632	631
632	633
1094	631
1094	633
1094	1095
633	632
633	634
633	1094
634	633
634	635
634	12593
635	634
635	636
635	12597
12593	634
12593	12594
12593	35973
636	635
636	637
636	12613
12597	635
12597	12596
12597	35971
637	636
637	638
637	36326
12613	636
12613	12610
12613	12612
638	637
638	639
638	12790
36326	637
36326	12612
639	638
639	640
639	648
639	12793
12790	638
12790	12791
12790	36327
640	639
640	641
640	647
12793	639
12793	12792
12793	12795
641	640
641	642
641	644
641	646
647	640
647	646
642	641
642	643
642	644
644	641
644	642
644	645
646	641
646	645
646	647
643	642
645	644
645	646
12794	648
12794	12796
12794	33767
649	650
649	651
649	654
650	649
650	651
650	41880
651	649
651	650
651	41885
654	649
654	652
654	653
654	41888
41880	650
41880	41881
41880	41882
41885	651
41885	41886
41885	41887
652	653
652	654
652	2085
653	652
653	654
653	41879
2085	652
2085	2082
2085	2084
41879	653
41888	654
655	656
655	657
656	655
656	660
656	9392
657	655
657	658
657	9387
657	9388
660	656
660	659
660	10016
9392	656
9392	9388
9392	9393
658	657
658	659
658	9395
9387	657
9387	9386
9387	9395
9388	657
9388	9366
9388	9392
659	658
659	660
659	10007
659	10015
9395	658
9395	9387
9395	9394
10007	659
10007	10006
10007	10008
10015	659
10015	10006
10015	10016
10016	660
10016	10015
10016	10017
109371	661
109371	109374
109371	1494585
109372	662
109372	109369
109372	109373
139985	662
139985	109363
139985	139986
665	663
665	664
665	3441
665	3465
3469	663
3469	3466
3469	3470
3439	664
3439	3437
3439	3438
3439	3441
3451	664
3451	3438
3451	3450
3451	3453
3465	665
3465	3460
3465	3466
3441	665
3441	3380
3441	3439
3441	3442
666	667
666	668
666	800
666	853
667	666
667	669
667	828
667	829
668	666
668	669
668	743
668	744
800	666
800	744
800	745
800	798
853	666
853	852
853	860
669	667
669	668
669	742
669	763
828	667
828	826
828	838
828	842
829	667
829	763
829	830
743	668
743	742
743	744
744	668
744	743
744	745
744	800
763	669
763	713
763	829
763	847
742	669
742	713
742	743
670	671
670	674
670	41890
670	109337
671	670
671	672
671	690
671	109344
674	670
674	673
674	41891
41890	670
41890	4414
109337	670
109337	109323
109337	109336
672	671
672	673
672	675
672	692
690	671
690	691
690	40819
690	109345
109344	671
109344	109343
109344	146896
692	672
692	675
692	691
692	694
41891	674
695	676
695	693
695	738
36179	676
36179	738
36179	36180
36179	36183
677	678
677	683
678	677
678	679
678	701
679	678
679	680
679	1998
701	678
701	700
701	752
680	679
680	681
680	2004
1998	679
1998	752
1998	1999
681	680
681	682
681	1015
2004	680
2004	1079
2004	3990
1015	681
1015	1016
1015	3990
699	683
699	700
699	748
684	685
684	686
684	10312
685	684
685	689
685	10233
686	684
686	687
686	10317
10312	684
10312	10313
689	685
689	688
689	10300
10233	685
10233	10221
10233	10234
687	686
687	688
687	10317
687	10318
10317	686
10317	687
10317	10315
688	687
688	689
688	10296
688	10298
10318	687
10318	10319
10318	10607
10318	10610
10298	688
10298	10299
10298	10319
10296	688
10296	10295
10296	10297
10300	689
10300	10237
10300	10295
691	690
691	692
691	37029
40819	690
40819	709
40819	40820
109345	690
109345	109346
109345	109359
37029	691
37029	37028
694	692
694	693
694	37028
693	694
693	695
693	739
739	693
739	720
739	738
739	740
37028	694
37028	37029
37028	40820
738	695
738	737
738	739
738	36179
696	697
696	698
696	712
697	696
697	698
697	711
698	696
698	697
712	696
712	707
712	708
711	697
711	706
711	40820
700	699
700	701
700	753
748	699
748	747
748	754
753	700
752	701
752	751
752	1998
702	703
702	704
702	705
703	702
703	709
703	715
703	109347
704	702
705	702
705	706
705	713
705	741
709	703
709	708
709	710
709	40819
715	703
715	716
109347	703
109347	109346
109347	146937
706	705
706	707
706	711
713	705
713	714
713	742
713	763
741	705
741	740
707	706
707	708
707	712
708	707
708	709
708	712
710	709
40820	711
40820	37028
40820	40819
40820	41823
714	713
714	717
714	844
717	714
717	716
717	843
844	714
844	843
844	870
716	715
716	717
843	717
843	844
843	109346
718	719
718	721
718	41823
719	718
719	720
719	740
721	718
721	720
721	41823
41823	718
41823	721
41823	40820
41823	41824
720	719
720	721
720	739
740	719
740	739
740	741
722	723
722	724
722	19815
723	722
723	726
723	19820
723	19821
723	20397
724	722
724	725
724	19831
724	19832
19815	722
19815	19812
19815	19813
19815	19816
726	723
726	725
726	16916
726	16917
19820	723
19820	19819
19820	20397
19821	723
19821	19822
19821	19827
19821	19828
20397	723
20397	19816
20397	19819
20397	19820
725	724
725	726
725	16917
19831	724
19831	16918
19831	19834
19832	724
19832	19833
16917	725
16917	726
16917	16918
16916	726
16916	16914
16916	19828
727	728
727	729
727	793
727	794
727	795
728	727
728	746
728	795
729	727
729	730
729	731
729	929
794	727
794	792
794	929
794	954
793	727
793	792
793	795
793	797
795	727
795	728
795	793
795	796
746	728
746	745
746	796
746	801
730	729
731	729
731	732
731	953
929	729
929	732
929	794
929	954
732	731
732	733
732	734
732	929
953	731
733	732
734	732
734	735
734	963
735	734
735	736
735	737
963	734
963	897
963	964
736	735
737	735
737	738
737	904
737	909
904	737
904	901
904	906
904	908
909	737
909	892
909	908
909	956
745	744
745	746
745	765
745	766
745	800
765	745
765	764
765	766
765	799
766	745
766	764
766	765
766	802
796	746
796	764
796	795
801	746
801	802
747	748
747	749
747	4896
747	7897
749	747
749	750
749	7878
7897	747
7897	7898
7897	7902
4896	747
4896	4895
4896	4897
754	748
754	761
754	4898
754	42389
750	749
750	751
750	7875
7878	749
7878	7875
7878	7879
751	750
751	752
751	7825
7875	750
7875	7826
7875	7877
7875	7878
7825	751
7825	7823
7825	7826
761	754
761	760
761	7874
4898	754
4898	4897
4898	4899
4898	7927
42389	754
756	755
756	757
758	755
758	759
758	7763
7793	755
7793	7791
7793	7792
757	756
759	758
759	760
759	7762
7763	758
7763	7764
7763	7790
760	759
760	761
760	7782
760	7872
7762	759
7762	7770
7762	7781
7782	760
7782	7781
7782	7866
7872	760
7872	7871
7874	761
7874	7688
7874	7871
762	10154
762	10156
10154	762
10154	10148
10154	10155
10156	762
10156	10149
10156	37362
847	763
847	846
847	848
764	765
764	766
764	796
799	765
802	766
802	801
767	768
767	769
767	833
767	37030
768	767
768	771
768	784
768	836
768	109368
769	767
769	770
769	782
833	767
833	834
833	835
37030	767
37030	37031
771	768
771	770
771	772
771	784
784	768
784	770
784	771
784	791
784	109367
109368	768
109368	109365
109368	109367
109368	109373
770	769
770	771
770	781
770	784
782	769
782	783
782	37032
781	770
781	779
781	785
781	826
772	771
773	774
773	775
773	876
774	773
774	783
774	1494590
775	773
775	776
775	837
876	773
876	874
876	875
783	774
783	782
783	41659
1494590	774
1494590	41659
1494590	1494591
776	775
776	777
776	839
837	775
837	838
837	872
837	875
777	776
777	778
777	779
839	776
778	777
779	777
779	780
779	781
780	779
785	781
785	786
785	832
826	781
826	827
826	828
37032	782
37032	37033
41659	783
41659	37033
41659	1494590
791	784
791	790
791	819
109367	784
109367	819
109367	109364
109367	109368
786	785
786	787
786	871
832	785
832	831
832	871
787	786
787	788
787	789
871	786
871	832
871	845
788	787
789	787
789	790
789	849
790	789
790	791
790	820
849	789
849	845
849	848
820	790
820	821
820	848
819	791
819	825
819	109367
792	793
792	794
792	862
792	955
862	792
862	797
862	861
862	960
955	792
955	954
955	960
955	965
797	793
797	798
797	857
797	862
954	794
954	929
954	955
954	962
798	797
798	800
798	859
857	797
857	858
857	859
859	798
859	857
803	804
803	805
804	803
804	818
804	900
804	903
805	803
805	806
805	913
805	985
818	804
818	817
818	899
818	901
900	804
900	901
900	902
903	804
903	902
903	987
903	1005
806	805
806	807
806	810
913	805
913	810
913	912
913	914
985	805
985	986
985	987
807	806
807	808
810	806
810	811
810	913
808	807
808	809
809	808
811	810
811	812
811	912
812	811
812	813
812	2195
912	811
912	913
912	917
912	918
813	812
813	814
813	2195
2195	812
2195	813
2195	2194
2195	41906
814	813
814	815
814	36188
815	814
815	816
815	36188
36188	814
36188	815
36188	883
36188	36194
816	815
816	817
816	890
817	816
817	818
817	889
890	816
890	889
890	891
889	817
889	890
889	891
899	818
899	898
899	36191
901	818
901	900
901	904
901	905
825	819
825	824
825	109364
821	820
821	822
821	869
848	820
848	847
848	849
848	869
822	821
822	823
822	868
869	821
869	848
869	868
823	822
823	824
823	868
868	822
868	823
868	869
824	823
824	825
824	867
867	824
867	870
109364	825
109364	109362
109364	109365
109364	109367
827	826
838	828
838	837
838	841
842	828
842	840
842	854
830	829
830	831
830	846
831	830
831	832
831	845
846	830
846	847
845	831
845	849
845	871
834	833
834	836
834	36225
835	833
109373	836
109373	109368
109373	109369
109373	109372
872	837
872	841
872	873
875	837
875	876
841	838
841	840
841	861
841	872
840	841
840	842
840	850
850	840
850	851
850	858
861	841
861	858
861	862
861	877
854	842
854	855
854	856
109346	843
109346	109345
109346	109347
109346	109361
870	844
870	867
851	850
851	852
851	43513
858	850
858	857
858	860
858	861
852	851
852	853
43513	851
43513	860
860	853
860	858
860	43513
855	854
856	854
877	861
877	873
877	36226
877	37036
960	862
960	955
960	971
960	36227
863	864
863	866
863	25183
863	25187
864	863
864	865
864	24581
864	24584
866	863
866	865
866	25557
866	42668
25183	863
25183	25181
25183	25261
25187	863
25187	25188
25187	25189
25187	42668
865	864
865	866
865	24572
865	42662
24584	864
24584	24583
24584	24875
24584	42662
24581	864
24581	24582
24581	25182
42662	865
42662	24584
42662	24864
42662	38152
24572	865
24572	24573
24572	24574
25557	866
25557	24573
25557	25177
25557	25577
42668	866
42668	25187
42668	25577
42668	42669
873	872
873	874
873	877
874	873
874	876
874	37038
874	1494595
37038	874
37038	37035
37038	37037
1494595	874
1494595	1494596
36226	877
36226	971
37036	877
37036	972
37036	37034
37036	37037
879	880
879	882
879	2199
879	4961
880	879
880	881
880	2191
880	2192
882	879
882	881
882	4968
2199	879
2199	2200
2199	4900
4961	879
4961	4900
4961	4962
881	880
881	882
881	2191
2191	880
2191	881
2191	1137
2191	4964
2192	880
2192	1018
2192	1019
2192	2193
4968	882
4968	4963
4968	37237
883	884
883	885
883	36188
883	36194
884	883
884	888
884	36189
885	883
885	886
885	2196
885	36195
36194	883
36194	36188
36194	36195
888	884
888	887
888	2198
36189	884
886	885
886	887
886	2196
36195	885
36195	36194
36195	41906
2196	885
2196	886
2196	2197
2196	41875
887	886
887	888
2198	888
2198	2197
2198	36190
891	889
891	890
891	898
898	891
898	899
898	36192
892	893
892	894
892	909
892	998
893	892
893	897
893	961
893	998
894	892
894	895
998	892
998	893
998	997
998	1001
897	893
897	896
897	963
961	893
961	962
961	994
961	999
895	894
895	896
896	895
896	897
36192	898
36191	899
36191	36182
902	900
902	903
902	907
902	959
905	901
905	906
905	36181
907	902
907	908
907	956
907	958
959	902
959	957
959	958
959	978
1005	903
1005	981
987	903
987	985
987	988
906	904
906	905
906	36180
908	904
908	907
908	909
36181	905
36181	36180
36181	36182
36180	906
36180	36179
36180	36181
956	907
956	909
956	997
956	1008
958	907
958	957
958	959
958	1006
910	911
910	35561
910	35570
911	910
911	35568
911	35579
35561	910
35561	35560
35561	35562
35570	910
35570	35571
35570	35580
35568	911
35568	35569
35568	35577
35579	911
35579	35578
35579	35580
917	912
917	916
917	925
917	2194
918	912
914	913
914	915
914	984
915	914
915	916
915	926
915	927
984	914
916	915
916	917
916	926
927	915
927	926
927	928
926	915
926	916
926	927
925	917
925	924
925	2194
925	41712
2194	917
2194	925
2194	2105
2194	2195
919	920
919	921
919	1036
919	1037
920	919
920	928
920	983
920	1036
921	919
921	922
921	1037
1037	919
1037	921
1037	977
1037	36253
1036	919
1036	920
1036	978
928	920
928	927
928	983
983	920
983	928
983	978
983	982
922	921
922	923
922	1002
923	922
923	924
923	1002
1002	922
1002	923
1002	41914
924	923
924	925
924	41712
924	41913
41712	924
41712	925
41712	2229
41712	41713
41913	924
41913	41647
41913	41650
41913	41914
930	931
930	932
930	934
930	37052
931	930
931	933
931	1026
932	930
932	933
932	940
932	41649
934	930
934	935
934	1014
37052	930
37052	37050
37052	37053
933	931
933	932
933	1027
1026	931
1026	945
1026	1027
940	932
940	939
940	41975
41649	932
41649	41646
41649	41650
41649	41976
1027	933
1027	1026
1027	1043
935	934
935	936
935	1014
1014	934
1014	935
1014	1038
936	935
936	937
936	949
936	1039
937	936
937	938
937	950
949	936
949	950
949	1039
949	1086
1039	936
1039	949
1039	1038
938	937
938	939
938	2250
950	937
950	949
950	2243
939	938
939	940
939	41976
2250	938
2250	2249
2250	41976
2250	41983
41976	939
41976	2250
41976	41649
41976	41982
41975	940
941	942
941	943
941	21594
941	21744
942	941
942	943
942	21553
943	941
943	942
943	21599
943	21744
21594	941
21594	21595
21594	21744
21744	941
21744	943
21744	21594
21744	21743
21744	21931
21553	942
21553	21552
21553	21556
21553	21598
21599	943
21599	21598
21599	21924
21599	21931
31944	944
31944	17397
31944	21907
31944	42356
945	946
945	947
945	1026
946	945
946	948
946	1040
946	37049
946	37053
946	37054
947	945
947	948
948	946
948	947
948	36253
948	41650
1040	946
1040	1041
1040	37048
37049	946
37049	37048
37049	37055
37053	946
37053	37052
37054	946
37054	37051
37054	37056
37054	1494770
36253	948
36253	1032
36253	1037
41650	948
41650	41647
41650	41649
41650	41913
1086	949
1086	1074
1086	1088
1086	38043
2243	950
2243	2244
2243	41992
951	952
951	23187
952	951
952	15690
23187	951
23187	23188
23187	23421
23187	41724
15690	952
15690	15589
15690	15689
962	954
962	961
962	967
965	955
965	966
965	970
965	1013
997	956
997	998
997	1001
1008	956
1008	1009
957	958
957	959
957	979
979	957
979	975
979	1011
1006	958
1006	1007
1006	1011
1006	1012
978	959
978	977
978	983
978	1036
971	960
971	969
971	36226
36227	960
994	961
994	967
994	996
999	961
999	996
999	1000
967	962
967	966
967	994
964	963
966	965
966	967
966	995
970	965
970	968
1013	965
1013	995
1013	36228
1013	37039
995	966
995	996
995	1013
995	1034
968	969
968	970
968	973
969	968
969	971
969	972
973	968
973	972
973	37041
972	969
972	973
972	37036
37041	973
974	975
974	976
974	41715
974	1494605
975	974
975	979
975	1012
975	1494608
976	974
976	977
976	36254
41715	974
41715	36256
41715	41714
1494605	974
1494605	1494762
1494605	1494763
1494605	1494764
1012	975
1012	1006
1012	37047
1012	1494604
1494608	975
1494608	1486991
1494608	1494763
1494608	1494769
977	976
977	978
977	1037
36254	976
36254	36255
1011	979
1011	1006
980	981
980	982
980	1004
981	980
981	988
981	1005
982	980
982	983
982	1003
1004	980
988	981
988	987
988	989
988	990
988	993
1003	982
986	985
989	988
990	988
990	991
990	992
993	988
991	990
992	990
996	994
996	995
996	999
996	1035
1034	995
1034	1035
1034	36230
1035	996
1035	1034
1035	40968
1001	997
1001	998
1001	1000
1000	999
1000	1001
1000	40969
40969	1000
40969	40970
40969	40971
41914	1002
41914	41913
41914	41915
1007	1006
1007	1010
1007	37043
1010	1007
1010	1009
1010	37045
37043	1007
37043	37044
1009	1008
1009	1010
1009	40968
40968	1009
40968	1035
37045	1010
37045	36230
37047	1012
37047	37044
1494604	1012
1494604	37046
1494604	1494606
1494604	1494607
36228	1013
36228	36229
37039	1013
37039	37040
37039	37046
37039	1494599
1038	1014
1038	1039
1038	1131
1038	41993
1016	1015
1016	1017
1016	1018
1016	1085
3990	1015
3990	1085
3990	2004
1017	1016
1018	1016
1018	1019
1018	1084
1018	2192
1085	1016
1085	1079
1085	1084
1085	3990
1019	1018
1019	1020
1019	2192
1084	1018
1084	1083
1084	1085
1020	1019
1020	1021
1020	1022
1021	1020
1022	1020
1022	1023
1022	2201
1022	7745
1022	7750
1023	1022
1023	1024
1023	7750
2201	1022
2201	2200
2201	4894
7745	1022
7745	4893
7745	7744
7745	7747
7750	1022
7750	1023
7750	7747
7750	7751
7750	7756
7756	1024
7756	7750
7756	7751
7756	7757
1043	1027
1028	1029
1028	1030
1028	18538
1029	1028
1029	1031
1029	18558
1029	18703
1030	1028
1030	1031
1030	18537
18538	1028
18538	18537
18538	18539
18538	18557
1031	1029
1031	1030
1031	18705
18703	1029
18703	18551
18703	18702
18703	38105
18558	1029
18558	18557
18558	18559
18537	1030
18537	18536
18537	18538
18705	1031
18705	18706
18705	38102
1032	1033
1032	36253
1033	1032
36230	1034
36230	36229
36230	37045
1131	1038
1131	1127
1131	1130
1131	41993
41993	1038
41993	1130
41993	1131
41993	1141
1041	1040
1041	1042
37048	1040
37048	37049
37048	37055
1042	1041
1042	36252
36252	1042
36252	36257
36252	41711
1044	1045
1044	1046
1044	1047
1044	1051
1045	1044
1045	1046
1045	2190
1046	1044
1046	1045
1046	2181
1051	1044
1051	1050
1051	2258
1047	1044
1047	1048
1047	2249
2190	1045
2190	2132
2190	41983
2181	1046
2181	2177
2181	2182
1048	1047
1048	1049
1048	1077
2249	1047
2249	2248
2249	2250
2249	41991
1077	1048
1077	1078
1077	1087
1050	1049
1050	1051
1050	1052
2258	1051
2258	1052
2256	1052
2256	2178
2256	2257
1053	1054
1053	1055
1053	1107
1054	1053
1054	1059
1054	1122
1055	1053
1055	1056
1055	1091
1107	1053
1107	1105
1107	1152
1059	1054
1059	1058
1059	1122
1122	1054
1122	1059
1122	1121
1091	1055
1091	1090
1091	1106
1058	1057
1058	1059
1058	1123
1123	1058
1060	1061
1060	1062
1060	23184
1060	23185
1061	1060
1061	1067
1061	41722
1062	1060
1062	1063
1062	23184
23184	1060
23184	1062
23184	23185
23184	23420
23185	1060
23185	23184
23185	23421
1067	1061
1067	1066
1067	1548998
41722	1061
41722	41723
41722	1548998
1063	1062
1063	1064
1063	24030
1063	24053
1064	1063
1064	1065
1064	41677
24030	1063
24030	24029
24030	24052
24053	1063
24053	24052
24053	24060
1065	1064
1065	1066
41677	1064
41677	41676
1066	1065
1066	1067
1066	1558615
1558615	1066
1558615	1556132
1558615	1556996
1548998	1067
1548998	41722
1548998	1555107
1548998	1556996
1096	1068
1096	1097
1096	1109
1116	1068
1116	1069
1116	1117
1116	37075
36235	1068
36235	36236
36235	37074
1070	1071
1070	1072
1070	1093
1070	1121
1121	1070
1121	1122
1121	1151
1121	36172
1098	1071
1098	1097
1098	1110
1110	1071
1110	1098
1110	1108
1073	1074
1073	1075
1073	1117
1074	1073
1074	1078
1074	1086
1117	1073
1117	1116
1117	38042
1078	1074
1078	1077
1078	1087
1076	1075
1087	1077
1087	1078
1087	1088
1087	41991
1079	1080
1079	1085
1079	2004
1080	1079
1080	1081
1080	2002
1081	1080
1081	1082
1081	2001
1081	7809
2002	1080
2002	2001
2002	2003
1082	1081
1082	1083
1082	1132
1082	7799
2001	1081
2001	2000
2001	2002
7809	1081
7809	7799
7809	7810
7809	7821
1083	1082
1083	1084
1083	1137
1132	1082
1132	1133
1132	7780
7799	1082
7799	7780
7799	7800
7799	7809
1137	1083
1137	1136
1137	2191
1137	4969
1088	1086
1088	1087
1088	41992
38043	1086
38043	1140
41991	1087
41991	2246
41991	2248
41991	2249
41992	1088
41992	2243
41992	2244
1090	1091
1090	1092
1090	1104
1104	1090
1104	1105
1104	1143
1106	1091
1100	1092
1100	1101
1100	1124
1143	1092
1143	1104
1143	1162
1143	1173
1095	1094
1097	1096
1097	1098
1097	1111
1109	1096
1109	1108
1109	1125
1111	1097
1101	1100
1101	1102
1101	1103
1124	1100
1124	1103
1124	1165
1102	1101
1105	1104
1105	1107
1105	1163
1163	1105
1163	1152
1163	1164
1152	1107
1152	1150
1152	1163
1108	1109
1108	1110
1108	1125
1125	1108
1125	1109
1125	36167
1125	36170
1112	1113
1112	1115
1112	25442
1113	1112
1113	1114
1113	37064
1113	37079
1115	1112
1115	1114
1115	3070
25442	1112
25442	3084
25442	25440
25442	25441
1114	1113
1114	1115
1114	2787
1114	2803
37064	1113
37064	37062
37064	37080
37079	1113
37079	2829
37079	37089
2803	1114
2803	2560
2803	2804
2803	3071
2787	1114
2787	2561
2787	2680
2787	2689
3070	1115
3070	3069
3070	35941
37075	1116
37075	37074
37075	37076
38042	1117
1118	1119
1118	1120
1118	5895
5895	1118
5895	5896
5895	5900
5895	5906
5890	1119
5890	5885
5890	5891
5890	5903
5896	1119
5896	5895
5896	5903
5896	5908
5902	1120
5902	5864
5902	5901
1151	1121
1151	1150
1151	36174
1151	36175
36172	1121
36172	36168
36172	36173
1165	1124
1165	1156
1165	1166
36167	1125
36167	36168
36167	36169
36170	1125
36170	36171
1126	1127
1126	1128
1126	37060
1127	1126
1127	1131
1127	37061
1128	1126
1128	1129
1128	37059
37060	1126
37061	1127
1129	1128
1129	1130
1129	37059
37059	1128
37059	1129
37059	1146
37059	37057
1130	1129
1130	1131
1130	41993
1133	1132
1133	1134
1133	4959
1133	4984
7780	1132
7780	4984
7780	7784
7780	7799
1134	1133
1134	1135
1134	4960
4959	1133
4959	4935
4959	4960
4959	4971
4984	1133
4984	4971
4984	4985
4984	7780
1135	1134
1135	1136
4960	1134
4960	4956
4960	4958
4960	4959
1136	1135
1136	1137
1136	4956
4956	1136
4956	4955
4956	4957
4956	4960
4969	1137
1138	1139
1138	1140
1138	1147
1139	1138
1139	1142
1139	1145
1140	1138
1140	1141
1140	38043
1147	1138
1147	1145
1147	38044
1142	1139
1142	1141
1142	1146
1145	1139
1145	1144
1145	1147
1141	1140
1141	1142
1141	41993
1146	1142
1146	1144
1146	37059
1162	1143
1162	1160
1162	1172
1162	36207
1173	1143
1173	1172
1173	36205
1144	1145
1144	1146
1144	38045
38045	1144
38044	1147
1148	1149
1148	1179
1149	1148
1149	1178
1179	1148
1179	1180
1179	2273
1178	1149
1178	1177
1178	2271
1150	1151
1150	1152
1150	36242
36242	1150
36242	36174
36174	1151
36174	36173
36174	36242
36175	1151
1153	1154
1153	1155
1153	24059
1153	27107
1153	27123
1155	1153
1155	1154
1155	24066
1155	1538361
24059	1153
24059	24058
24059	24060
27107	1153
27107	27108
27107	27251
27123	1153
27123	17919
27123	27122
24066	1155
24066	24067
24066	1556133
1538361	1155
1538361	1538294
1538361	1538351
1538361	1538362
1157	1156
1157	1158
1157	1167
1167	1157
1167	1166
1160	1161
1160	1162
1160	1175
1161	1160
1161	1164
1161	1174
1175	1160
1175	1174
1175	1194
1164	1161
1164	1163
1164	36241
1174	1161
1174	1175
1174	1193
1172	1162
1172	1173
1172	36206
36207	1162
36207	1195
36207	36197
36207	37077
36241	1164
1168	1169
1168	1170
1168	8674
1168	8677
1169	1168
1169	1171
1169	8707
1170	1168
1170	1171
1170	8658
1170	8662
8677	1168
8677	8673
8677	8675
8674	1168
8674	8662
8674	8673
1171	1169
1171	1170
1171	8665
8707	1169
8707	8675
8707	8709
8662	1170
8662	8663
8662	8674
8658	1170
8658	8490
8658	8657
8665	1171
8665	8657
8665	37330
36206	1172
36205	1173
1193	1174
1193	1194
1193	36240
1194	1175
1194	1193
1194	37077
1176	1177
1176	1184
1176	2278
1176	16398
1176	16472
1177	1176
1177	1178
1177	2278
1184	1176
1184	1183
1184	16414
2278	1176
2278	1177
2278	2277
2278	2280
16398	1176
16398	16399
2271	1178
2271	2272
1180	1179
1180	1181
1180	16461
2273	1179
2273	2272
2273	16396
1181	1180
1181	1182
1181	16456
16461	1180
16461	16460
16461	16471
16461	16473
1182	1181
1182	1183
1182	16404
16456	1181
16456	16444
16456	16457
16456	16460
1183	1182
1183	1184
1183	16403
16404	1182
16404	16403
16404	16405
16403	1183
16403	16404
16414	1184
16414	16413
16414	16415
1185	1186
1185	36200
1186	1185
1186	37008
36200	1185
36200	36196
36200	36201
36200	41798
37008	1186
37008	36995
37008	37009
1187	1188
1187	1189
1187	37021
1188	1187
1188	1192
1188	37022
37021	1187
1192	1188
1192	1191
1192	36239
37022	1188
37022	1197
1190	1189
1190	1191
1190	37077
1191	1190
1191	1192
1191	36240
37077	1190
37077	1194
37077	36207
36240	1191
36240	1193
36240	37078
36239	1192
36239	36238
36239	37023
1195	1196
1195	36207
1196	1195
1196	36208
36208	1196
1197	37022
1205	1198
1205	1199
1205	1223
35895	1198
1200	1201
1200	1222
1201	1200
1201	1219
1222	1200
1222	1219
1222	1221
1222	1223
1219	1201
1219	1218
1219	1220
1219	1222
1202	1203
1202	1204
1202	1223
1203	1202
1203	1204
1203	1224
1203	1225
1204	1202
1204	1203
1204	1216
1223	1202
1223	1205
1223	1222
1223	1296
1225	1203
1225	1216
1225	1224
1225	1643876
1224	1203
1224	1225
1224	1295
1216	1204
1216	1217
1216	1225
1216	1643876
1206	1207
1206	1210
1206	19927
1207	1206
1207	1208
1207	20039
1207	20080
1210	1206
1210	1209
1210	19379
19927	1206
19927	19926
19927	19928
1208	1207
1208	1209
1208	19656
20039	1207
20039	20034
20039	20040
20080	1207
20080	19934
20080	38487
1209	1208
1209	1210
1209	19376
19656	1208
19656	19641
19656	19655
19376	1209
19376	19377
19376	19932
19379	1210
19379	19378
19379	19928
1211	1212
1211	1215
1211	1274
1211	1275
1212	1211
1212	1213
1212	1266
1212	1268
1215	1211
1215	1214
1215	1275
1274	1211
1274	1273
1274	1275
1275	1211
1275	1215
1275	1274
1275	1340
1213	1212
1213	1214
1213	1266
1266	1212
1266	1213
1266	1267
1268	1212
1268	1267
1268	1273
1214	1213
1214	1215
1214	32686
32686	1214
32686	32674
32686	32685
1217	1216
1217	1218
1217	1619294
1643876	1216
1643876	1225
1643876	1643877
1218	1217
1218	1219
1218	35882
1218	1619296
1619294	1217
1619294	1619295
1619294	1643877
35882	1218
35882	35883
35882	1643849
1619296	1218
1619296	1619295
1619296	1643849
1619296	1643850
1220	1219
1220	1221
1221	1220
1221	1222
1296	1223
1296	1297
1296	35896
1295	1224
1295	1294
1226	1227
1226	1230
1226	1339
1227	1226
1227	1228
1227	1357
1230	1226
1230	1229
1230	1273
1339	1226
1339	1343
1339	1362
1339	1363
1228	1227
1228	1229
1228	1357
1357	1227
1357	1228
1357	1358
1357	1370
1229	1228
1229	1230
1229	1317
1317	1229
1317	1318
1317	1344
1273	1230
1273	1268
1273	1274
1273	1300
1231	1232
1231	1233
1231	1237
1232	1231
1232	1233
1232	1236
1233	1231
1233	1232
1233	1486
1237	1231
1237	1235
1237	1446
1236	1232
1236	1234
1486	1233
1486	1446
1486	1447
1234	1235
1234	1236
1234	1352
1235	1234
1235	1237
1235	1426
1352	1234
1352	1252
1352	1351
1352	1353
1352	1465
1426	1235
1426	1424
1426	1425
1446	1237
1446	1447
1446	1486
1238	1239
1238	1240
1238	1414
1238	1419
1239	1238
1239	1240
1239	1421
1240	1238
1240	1239
1240	1414
1240	1415
1419	1238
1419	1420
1419	1488
1419	1685
1414	1238
1414	1240
1414	1417
1421	1239
1421	1422
1421	1487
1421	1488
1415	1240
1415	1404
1415	1416
1415	1422
1241	1242
1241	1243
1241	1316
1242	1241
1242	1243
1242	1358
1243	1241
1243	1242
1243	1276
1243	1372
1316	1241
1316	1315
1316	1334
1316	1336
1358	1242
1358	1344
1358	1357
1358	1359
1358	1370
1358	1372
1276	1243
1276	1277
1276	1371
1372	1243
1372	1358
1372	1368
1372	1374
1244	1245
1244	1246
1244	1427
1245	1244
1245	1261
1245	35913
1246	1244
1246	1247
1246	1251
1427	1244
1427	1428
1427	1451
1261	1245
1261	1260
1261	35913
35913	1245
35913	1261
35913	35919
1247	1246
1247	1248
1247	1249
1251	1246
1251	1249
1251	1252
1248	1247
1249	1247
1249	1250
1249	1251
1250	1249
1252	1251
1252	1253
1252	1352
1252	1428
1252	37094
1252	37106
1253	1252
1253	1254
1253	1351
1253	1396
1428	1252
1428	1427
1428	1452
37094	1252
37094	37095
37094	37106
37106	1252
37106	1442
37106	1452
37106	37094
1254	1253
1254	1255
1254	1354
1254	1396
1396	1253
1396	1254
1396	1351
1396	1354
1351	1253
1351	1352
1351	1354
1351	1396
1255	1254
1255	1256
1255	35918
1354	1254
1354	1348
1354	1351
1354	1396
1256	1255
1256	1257
35918	1255
1257	1256
1257	1258
1258	1257
1258	1259
1258	35917
1259	1258
1259	1260
1259	35916
35917	1258
1260	1259
1260	1261
1260	39894
35916	1259
35916	35915
35916	39890
39894	1260
39894	39895
1262	1263
1262	1264
1262	1750
1263	1262
1263	1265
1263	1799
1264	1262
1264	1265
1264	1751
1750	1262
1750	1751
1750	1798
1265	1263
1265	1264
1265	24772
1799	1263
1799	1787
1799	1798
1751	1264
1751	1750
1751	38676
24772	1265
24772	1788
24772	24773
1267	1266
1267	1268
1267	1299
1267	1300
1300	1267
1300	1273
1300	1299
1300	1301
1299	1267
1299	1269
1299	1300
1269	1270
1269	1272
1269	1299
1270	1269
1270	1271
1270	1298
1272	1269
1272	1271
1272	35902
1271	1270
1271	1272
1271	35905
1298	1270
1298	1297
1298	35901
35905	1271
35902	1272
35902	35903
35902	35904
1340	1275
1340	1341
1340	34540
1340	35912
1277	1276
1277	1278
1277	1389
1371	1276
1371	1373
1371	1384
1371	1390
1278	1277
1278	1279
1278	1812
1389	1277
1389	1388
1389	1812
1279	1278
1279	1280
1279	1820
1279	1615092
1812	1278
1812	1389
1812	1820
1280	1279
1280	1281
1280	37120
1280	1615092
1820	1279
1820	1388
1820	1812
1820	1603550
1615092	1279
1615092	1280
1615092	1603550
1615092	1615100
1281	1280
1281	1282
1281	27256
37120	1280
37120	27256
37120	1615100
1282	1281
1282	1283
1282	27257
27256	1281
27256	27257
27256	37120
1283	1282
1283	1284
27257	1282
27257	27256
1284	1283
1284	1285
1285	1284
1285	1286
1286	1285
1286	1287
1287	1286
1287	1288
1288	1287
1288	1289
1289	1288
1289	1290
1289	4125
1290	1289
1290	1291
1290	4125
4125	1289
4125	1290
4125	1291
1291	1290
1291	1292
1291	4125
1292	1291
1292	1293
1293	1292
1293	1294
1294	1293
1294	1295
1297	1296
1297	1298
35896	1296
35896	35891
35896	35897
35901	1298
35901	35900
1301	1300
1301	1302
1301	1321
1302	1301
1302	1303
1302	1304
1321	1301
1321	1304
1321	1320
1321	1334
1303	1302
1304	1302
1304	1305
1304	1321
1305	1304
1305	1306
1305	1307
1306	1305
1307	1305
1307	1308
1307	1335
1308	1307
1308	1309
1308	1333
1335	1307
1335	1333
1309	1308
1309	1310
1309	1338
1333	1308
1333	1334
1333	1335
1310	1309
1310	1311
1310	1337
1338	1309
1311	1310
1311	1312
1311	1355
1337	1310
1337	1315
1337	1334
1312	1311
1312	1313
1312	1314
1355	1311
1313	1312
1314	1312
1314	1315
1314	1356
1315	1314
1315	1316
1315	1337
1356	1314
1336	1316
1336	1320
1336	37090
1334	1316
1334	1321
1334	1333
1334	1337
1318	1317
1318	1319
1318	1344
1344	1317
1344	1318
1344	1358
1319	1318
1319	1320
1319	1360
1320	1319
1320	1321
1320	1336
1360	1319
1360	1359
1322	1323
1322	1324
1322	19504
1322	19505
1323	1322
1323	1331
1323	19451
1324	1322
1324	1325
1324	19289
19505	1322
19505	19489
19505	19503
19504	1322
19504	19500
19504	19502
19504	19503
19504	19510
19504	19511
1331	1323
1331	1330
1331	1332
19451	1323
19451	19345
19451	19502
1325	1324
1325	1326
1325	19281
1325	19289
19289	1324
19289	1325
19289	19282
19289	26840
1326	1325
1326	1327
1326	19251
1326	25940
19281	1325
19281	19169
19281	19280
19281	19282
1327	1326
1327	1328
1327	1329
19251	1326
19251	1329
19251	19250
19251	19252
25940	1326
25940	19249
1328	1327
1329	1327
1329	1330
1329	19251
1330	1329
1330	1331
1330	19288
1330	19345
19288	1330
19288	19250
19288	19346
19345	1330
19345	19344
19345	19451
1332	1331
37090	1336
37090	1359
1343	1339
1343	1342
1343	1361
1362	1339
1362	1361
1362	1369
1363	1339
1363	1349
1363	1368
1363	1369
1341	1340
1341	1342
1341	34544
35912	1340
35912	34539
35912	43515
34540	1340
34540	34534
34540	34539
34540	34544
1342	1341
1342	1343
1342	39851
34544	1341
34544	34540
34544	34543
39851	1342
39851	39852
39851	39853
1361	1343
1361	1350
1361	1362
1345	1346
1345	1348
1345	1353
1345	1497
1346	1345
1346	1347
1346	1349
1346	1393
1348	1345
1348	1347
1348	1354
1348	35914
1353	1345
1353	1352
1353	1467
1353	1497
1497	1345
1497	1353
1497	1393
1497	1474
1347	1346
1347	1348
1347	1350
1347	32687
1349	1346
1349	1350
1349	1363
1349	1364
1393	1346
1393	1364
1393	1385
1393	1497
1350	1347
1350	1349
1350	1361
1350	1369
32687	1347
32687	32688
32687	32698
32687	34551
35914	1348
35914	34551
35914	35915
1364	1349
1364	1365
1364	1393
1369	1350
1369	1362
1369	1363
1465	1352
1465	1464
1465	1466
1467	1353
1467	1466
1467	1500
1370	1357
1370	1358
1370	1368
1370	1374
1359	1358
1359	1360
1359	37090
1368	1363
1368	1367
1368	1370
1368	1372
1368	1374
1365	1364
1365	1366
1365	1391
1366	1365
1366	1367
1366	1391
1391	1365
1391	1366
1391	1367
1391	1392
1367	1366
1367	1368
1367	1373
1367	1391
1373	1367
1373	1371
1373	1392
1374	1368
1374	1370
1374	1372
1390	1371
1390	1382
1390	1383
1384	1371
1384	1383
1384	1385
1384	1394
1392	1373
1392	1391
1392	1395
1375	1376
1375	1377
1375	1776
1376	1375
1376	1377
1376	1777
1377	1375
1377	1376
1377	1869
1377	1883
1776	1375
1776	1775
1776	1880
1777	1376
1777	1778
1777	1830
1777	1831
1869	1377
1869	1868
1869	1872
1883	1377
1378	1379
1378	1380
1378	1381
1378	1386
1379	1378
1379	1385
1379	1473
1379	1589
1380	1378
1380	1381
1381	1378
1381	1380
1381	1382
1386	1378
1386	1387
1386	1589
1386	1603389
1385	1379
1385	1384
1385	1393
1385	1474
1473	1379
1473	1471
1473	1474
1473	1590
1589	1379
1589	1386
1589	1588
1589	1602880
1382	1381
1382	1383
1382	1390
1383	1382
1383	1384
1383	1390
1394	1384
1474	1385
1474	1473
1474	1475
1474	1497
1387	1386
1387	1388
1387	1603388
1387	1603550
1603389	1386
1603389	1602881
1603389	1603388
1603389	1603526
1388	1387
1388	1389
1388	1820
1603388	1387
1603388	1603389
1603388	1603547
1603388	1603911
1603550	1387
1603550	1820
1603550	1603549
1603550	1615092
1395	1392
1397	1398
1397	1403
1397	1408
1398	1397
1398	1399
1398	1731
1403	1397
1403	1402
1403	1409
1408	1397
1408	1407
1408	1728
1399	1398
1399	1400
1399	30901
1399	43434
1731	1398
1731	1724
1731	43435
1400	1399
1400	1401
30901	1399
30901	1401
30901	30902
43434	1399
1401	1400
1401	1402
1401	30901
1402	1401
1402	1403
1402	30900
30900	1402
1409	1403
1409	1410
1409	30910
1404	1405
1404	1406
1404	1415
1404	1418
1405	1404
1405	1406
1405	1423
1406	1404
1406	1405
1406	1418
1406	1451
1418	1404
1418	1406
1418	1416
1423	1405
1423	1422
1423	1443
1423	1444
1451	1406
1451	1416
1451	1427
1451	1443
1407	1408
1407	1413
1407	1719
1407	9359
1413	1407
1413	1412
1413	1720
9359	1407
9359	1729
9359	9358
9359	30863
1719	1407
1719	1718
1719	1720
1728	1408
1728	1726
1728	1729
1410	1409
1410	1411
1410	1488
1410	1489
1410	1691
1410	1710
30910	1409
1411	1410
1411	1412
1411	36245
1489	1410
1489	1490
1489	1730
1488	1410
1488	1419
1488	1421
1488	1487
1691	1410
1691	1690
1691	1711
1710	1410
1710	1709
1710	3270
1412	1411
1412	1413
1412	1721
36245	1411
36245	1722
1721	1412
1721	1722
1720	1413
1720	1719
1417	1414
1417	1416
1417	1420
1416	1415
1416	1417
1416	1418
1416	1451
1416	35927
1422	1415
1422	1421
1422	1423
1422	1444
35927	1416
35927	35926
35927	36926
1420	1417
1420	1419
1420	35928
1685	1419
1685	1686
1685	34600
35928	1420
35928	34685
1487	1421
1487	1444
1487	1488
1444	1422
1444	1423
1444	1430
1444	1443
1444	1487
1443	1423
1443	1442
1443	1444
1443	1451
1424	1425
1424	1426
1424	1453
1425	1424
1425	1426
1425	1445
1453	1424
1453	1454
1453	1602
1445	1425
1445	1431
1445	1602
1445	25093
1452	1428
1452	1442
1452	37106
1429	1430
1429	1431
1429	1621
1430	1429
1430	1444
1430	1493
1430	41063
1431	1429
1431	1432
1431	1445
1621	1429
1621	1620
1621	1622
1493	1430
1493	1492
1493	30903
41063	1430
41063	37139
41063	41062
1432	1431
1432	1433
1432	1450
1433	1432
1433	1434
1450	1432
1450	1449
1450	1494
1434	1433
1434	1435
1434	1494
1435	1434
1435	1436
1435	1437
1494	1434
1494	1450
1494	1495
1436	1435
1437	1435
1437	1438
1437	1439
1437	1449
1438	1437
1439	1437
1439	1440
1439	1448
1449	1437
1449	1450
1449	1496
1440	1439
1440	1441
1440	1448
1448	1439
1448	1440
1448	1447
1441	1440
1441	1442
1441	37095
1442	1441
1442	1443
1442	1452
1442	37106
37095	1441
37095	37094
37095	37096
1602	1445
1602	1453
1602	1458
1602	1603
25093	1445
25093	25094
25093	25095
1447	1446
1447	1448
1447	1486
1496	1449
1496	1495
1454	1453
1454	1455
1455	1454
1455	1456
1456	1455
1456	1457
1456	1458
1457	1456
1458	1456
1458	1459
1458	1602
1458	1604
1459	1458
1459	1460
1459	1466
1604	1458
1604	1603
1460	1459
1460	1461
1460	1504
1460	1508
1466	1459
1466	1465
1466	1467
1466	1502
1461	1460
1461	1462
1504	1460
1504	1505
1504	1508
1508	1460
1508	1464
1508	1504
1508	1512
1462	1461
1462	1463
1462	1509
1463	1462
1463	1464
1509	1462
1509	1510
1509	1511
1464	1463
1464	1465
1464	1508
1502	1466
1502	1500
1502	1503
1502	1595
1500	1467
1500	1501
1500	1502
1468	1469
1468	1482
1468	1838
1469	1468
1469	1470
1469	10099
1482	1468
1482	1480
1482	1483
1482	1824
1838	1468
1838	1837
1838	1868
1838	1882
1470	1469
1470	1471
1470	1600
1470	37172
10099	1469
10099	1875
10099	10100
10099	37364
1471	1470
1471	1472
1471	1473
1600	1470
1600	1590
1600	1601
37172	1470
37172	1873
37172	37169
1472	1471
1590	1473
1590	1588
1590	1600
1475	1474
1475	1476
1475	1498
1475	1641
1476	1475
1476	1477
1498	1475
1498	1499
1641	1475
1641	1499
1641	1637
1641	1642
1477	1476
1477	1478
1477	1642
1478	1477
1478	1479
1478	1664
1642	1477
1642	1641
1642	1644
1479	1478
1479	1480
1479	1813
1664	1478
1664	1662
1664	1665
1664	1814
1480	1479
1480	1481
1480	1482
1813	1479
1813	1814
1813	1824
1813	1829
1481	1480
1483	1482
1824	1482
1824	1813
1824	1839
1484	1485
1484	27677
1485	1484
1485	27676
27677	1484
27677	27676
27677	27678
27676	1485
27676	27670
27676	27677
1490	1489
1490	1491
1490	1492
1730	1489
1730	1492
1730	30905
1491	1490
1492	1490
1492	1493
1492	1730
30903	1493
30903	30902
30903	30904
1495	1494
1495	1496
1499	1498
1499	1503
1499	1608
1499	1641
1503	1499
1503	1502
1503	1594
1608	1499
1608	1607
1608	1638
1501	1500
1595	1502
1595	1596
1595	25416
1594	1503
1594	1593
1594	1609
1505	1504
1505	1506
1505	1507
1506	1505
1507	1505
1512	1508
1510	1509
1511	1509
1513	24668
24668	1513
24668	23933
24668	24662
24668	24667
1514	1515
1514	1516
1514	1517
1515	1514
1515	1587
1515	26456
1516	1514
1517	1514
1517	1518
1587	1515
1587	1585
1587	26457
26456	1515
1518	1517
1518	1519
1518	1520
1518	26455
1519	1518
1519	1520
1519	34031
1520	1518
1520	1519
1520	1521
26455	1518
34031	1519
1521	1520
1521	1522
1521	1527
1522	1521
1522	1523
1522	1525
1527	1521
1527	1528
1527	26454
1523	1522
1523	1524
1525	1522
1525	1524
1525	1526
1524	1523
1524	1525
1524	25102
25102	1524
1526	1525
1528	1527
1528	1529
1528	1534
26454	1527
1529	1528
1529	1530
1529	1533
1534	1528
1534	1535
1534	26453
1530	1529
1530	1531
1533	1529
1533	1531
1531	1530
1531	1532
1531	1533
1532	1531
1535	1534
1535	1536
1535	26452
1535	34052
26453	1534
1536	1535
1536	1537
1536	13313
26452	1535
26452	26445
26452	34563
34052	1535
34052	1538
34052	34051
34052	34053
1537	1536
1537	1538
1537	13313
13313	1536
13313	1537
13313	1538
1538	1537
1538	1539
1538	13313
1538	34052
1538	34530
1538	34545
1539	1538
1539	1540
1539	32300
34530	1538
34530	34531
34530	34545
34545	1538
34545	34530
34545	34531
1540	1539
1540	1541
1540	34036
32300	1539
32300	32299
32300	32301
32300	34050
32300	34051
32300	34527
1541	1540
1541	1542
1541	34214
34036	1540
34036	34035
1542	1541
1542	1543
1542	34210
34214	1541
34214	34215
34214	39816
1543	1542
1543	1544
1543	34209
34210	1542
34210	34209
34210	34215
34210	36893
1544	1543
1544	1545
1544	36898
34209	1543
34209	34210
34209	36897
1545	1544
1545	1546
1545	34102
36898	1544
36898	34097
1546	1545
1546	1547
1546	34101
1546	34212
1546	34213
34102	1545
34102	34097
1547	1546
1547	1548
1547	1555
34101	1546
34101	34103
34101	34213
34212	1546
34212	1555
34212	34211
34213	1546
34213	34101
34213	34103
1548	1547
1548	1549
1548	1552
1555	1547
1555	1556
1555	34212
1549	1548
1549	1550
1549	1551
1552	1548
1552	1553
1552	1554
1550	1549
1551	1549
1553	1552
1554	1552
1556	1555
1556	1557
1556	34221
1556	34222
1557	1556
1557	1558
1557	34227
34222	1556
34222	34082
34222	34221
34221	1556
34221	34219
34221	34222
1558	1557
1558	1559
1558	1560
1558	1561
1558	34253
34227	1557
34227	34225
34227	34254
1559	1558
1560	1558
1561	1558
1561	1562
1561	34254
34253	1558
34253	34254
1562	1561
1562	1563
34254	1561
34254	34227
34254	34253
1563	1562
1563	1564
1564	1563
1564	1565
1564	34223
1565	1564
1565	1566
1565	34229
34223	1564
34223	34224
34223	39850
1566	1565
1566	1567
1566	1574
1566	34199
34229	1565
34229	34228
34229	34246
1567	1566
1567	1568
1567	1569
1574	1566
1574	1575
1574	26442
1574	27573
34199	1566
34199	34200
34199	34202
34199	34378
1568	1567
1569	1567
1569	1570
1569	1571
1570	1569
1571	1569
1571	1572
1571	1573
1572	1571
1573	1571
1575	1574
1575	1576
1575	26429
26442	1574
26442	26443
26442	26458
26442	26503
27573	1574
27573	27572
27573	27574
1576	1575
1576	1577
1576	1578
26429	1575
26429	1584
26429	26430
1577	1576
1578	1576
1578	1579
1578	1584
1579	1578
1579	1580
1579	1581
1584	1578
1584	1585
1584	26429
1580	1579
1581	1579
1581	1582
1581	1583
1582	1581
1583	1581
1585	1584
1585	1586
1585	1587
1586	1585
26457	1587
1588	1589
1588	1590
1588	1599
1588	1603635
1599	1588
1599	1598
1603635	1588
1603635	1603380
1603635	1603561
1603635	1603634
1602880	1589
1602880	1602881
1602880	1603380
1591	1592
1591	1593
1592	1591
1592	1596
1592	1614
1593	1591
1593	1594
1593	1614
1596	1592
1596	1595
1596	1624
1614	1592
1614	1593
1614	1615
1609	1594
1609	1610
1609	1615
25416	1595
1624	1596
1624	1623
1624	25358
1597	1598
1597	1601
1597	41322
1597	1603636
1598	1597
1598	1599
1601	1597
1601	1600
1601	37171
41322	1597
41322	4284
1603636	1597
1603636	1603637
1603636	1603638
1603636	1609279
37171	1601
37171	37164
1603	1602
1603	1604
1605	1606
1605	1607
1605	36244
1606	1605
1606	1610
1606	1647
1606	1655
1607	1605
1607	1608
1607	1636
36244	1605
36244	1661
1610	1606
1610	1609
1610	1650
1647	1606
1647	1648
1647	1649
1655	1606
1655	1654
1636	1607
1636	1637
1636	1645
1636	1661
1638	1608
1638	1637
1615	1609
1615	1614
1615	1623
1615	41064
1650	1610
1650	1651
1650	1652
1611	1612
1611	1613
1611	26365
1612	1611
1612	1613
1612	1845
1613	1611
1613	1612
1613	1852
26365	1611
26365	26367
26365	26482
1845	1612
1845	1846
1845	26487
1845	26498
1852	1613
1852	1851
1852	1853
1623	1615
1623	1624
1623	42097
41064	1615
41064	41065
41064	42097
1616	1617
1616	1618
1617	1616
1617	1622
1617	1629
1617	42096
1618	1616
1618	1619
1622	1617
1622	1621
1629	1617
1629	1626
1629	42095
42096	1617
1619	1618
1619	1620
1619	1628
1620	1619
1620	1621
1628	1619
1628	1627
1628	1640
42097	1623
42097	41064
42097	41067
25358	1624
25358	25094
25358	25357
25358	41067
1625	1626
1625	1627
1626	1625
1626	1629
1626	1639
1627	1625
1627	1628
1639	1626
1639	1640
1639	41062
1640	1628
1640	1639
42095	1629
1630	1631
1630	1632
1630	1760
1631	1630
1631	1635
1631	1733
1632	1630
1632	1633
1632	1648
1760	1630
1760	1653
1760	1759
1760	36247
1635	1631
1635	1634
1635	1734
1733	1631
1733	1732
1633	1632
1633	1634
1633	37117
1648	1632
1648	1647
1648	1652
1648	1653
1634	1633
1634	1635
37117	1633
37117	37118
37117	37119
1734	1635
1734	1732
1734	37119
1637	1636
1637	1638
1637	1641
1645	1636
1645	1646
1645	1660
1645	1674
1661	1636
1661	1654
1661	36244
41062	1639
41062	41063
1644	1642
1644	1643
1644	1673
1643	1644
1643	1646
1643	1675
1646	1643
1646	1645
1675	1643
1673	1644
1673	1674
1673	37115
1660	1645
1660	1659
1660	37109
1674	1645
1674	1673
1674	37108
1674	39936
1649	1647
1652	1648
1652	1650
1653	1648
1653	1654
1653	1657
1653	1760
1651	1650
1654	1653
1654	1655
1654	1661
1657	1653
1657	1656
1657	1681
1656	1657
1656	1658
1656	37107
1656	39937
1658	1656
1658	1659
37107	1656
37107	37108
37107	39937
39937	1656
39937	37107
39937	37116
39937	39936
1681	1657
1681	1680
1681	1682
1659	1658
1659	1660
1659	37110
37110	1659
37109	1660
1662	1663
1662	1664
1662	1825
1663	1662
1663	1667
1663	1819
1825	1662
1667	1663
1667	1666
1667	1761
1819	1663
1819	1818
1665	1664
1665	1666
1814	1664
1814	1813
1814	1818
1666	1665
1666	1667
1666	1762
1762	1666
1762	1763
1762	37114
1761	1667
1761	1767
1761	1771
1668	1669
1668	1672
1668	18068
1669	1668
1669	1670
1669	18067
1669	23927
1672	1668
1672	1671
1672	40460
18068	1668
18068	18067
18068	18069
1670	1669
1670	1671
1670	23926
1670	24000
23927	1669
23927	23928
18067	1669
18067	18065
18067	18068
18067	26908
1671	1670
1671	1672
1671	24000
23926	1670
23926	23925
23926	23999
24000	1670
24000	1671
24000	23993
40460	1672
40460	18066
40460	40638
37115	1673
37115	37114
37115	37116
37108	1674
37108	37107
37108	39936
39936	1674
39936	37108
39936	39937
1676	1677
1676	1678
1677	1676
1677	1684
1677	1782
1678	1676
1678	1679
1678	1783
1684	1677
1684	1683
1684	36246
1684	36249
1782	1677
1782	1679
1679	1678
1679	1680
1679	1782
1783	1678
1680	1679
1680	1681
1680	37138
37138	1680
37138	1766
37138	37116
1682	1681
1682	1683
1682	1759
1683	1682
1683	1684
1683	1759
1759	1682
1759	1683
1759	1760
36246	1684
36246	36247
36249	1684
36249	36248
1686	1685
1686	1687
1686	1690
34600	1685
34600	28624
34600	34601
34600	34688
1687	1686
1687	1688
1687	1689
1690	1686
1690	1691
1690	35933
1688	1687
1689	1687
35933	1690
1711	1691
1711	1712
1711	1713
1692	1693
1692	1707
1692	1797
1693	1692
1693	1694
1693	29231
1707	1692
1707	1706
1707	1708
1797	1692
1797	1796
1797	29232
1694	1693
1694	1695
1694	1696
1694	29307
29231	1693
29231	29230
29231	29287
29231	29306
1695	1694
1696	1694
1696	1697
1696	38672
29307	1694
29307	29306
1697	1696
1697	1698
1697	1700
1697	36694
38672	1696
38672	36759
1698	1697
1698	1699
1698	1700
1700	1697
1700	1698
1700	1701
1700	36694
36694	1697
36694	1700
36694	38674
1699	1698
1701	1700
1701	1702
1701	1703
1702	1701
1703	1701
1703	1704
1703	1705
1704	1703
1705	1703
1705	1706
1705	38673
1706	1705
1706	1707
1706	1798
38673	1705
38673	36758
1798	1706
1798	1750
1798	1799
1708	1707
1709	1710
1709	1717
1709	1739
1717	1709
1717	1716
1717	35935
1739	1709
1739	1735
1739	1738
3270	1710
3270	1723
3270	3269
1712	1711
1713	1711
1713	1714
1713	35932
1714	1713
1714	1715
1714	1716
35932	1713
1715	1714
1716	1714
1716	1717
1716	35931
35931	1716
35935	1717
35935	34686
35935	42818
1718	1719
1718	1723
1718	1746
1718	30864
1723	1718
1723	1722
1723	3270
30864	1718
30864	30863
30864	42809
1746	1718
1746	1744
1746	1747
1722	1721
1722	1723
1722	36245
1724	1725
1724	1726
1724	1731
1725	1724
1725	1729
1725	9957
1726	1724
1726	1727
1726	1728
1729	1725
1729	1728
1729	9358
1729	9359
9957	1725
9957	9496
9957	42833
1727	1726
9358	1729
9358	9359
9358	9496
30905	1730
30905	30906
30905	30907
43435	1731
1732	1733
1732	1734
37119	1734
37119	37117
1735	1736
1735	1739
1735	1749
1736	1735
1736	1737
1736	1748
1749	1735
1749	1740
1749	34691
1737	1736
1737	1738
1748	1736
1748	1747
1748	3269
1738	1737
1738	1739
1738	3269
3269	1738
3269	1748
3269	3270
1740	1741
1740	1749
1740	34690
1741	1740
1741	1742
1741	42810
34690	1740
34690	34691
34690	42811
1742	1741
1742	1743
1742	1744
42810	1741
1743	1742
1744	1742
1744	1745
1744	1746
1745	1744
1747	1746
1747	1748
34691	1749
34691	34690
34691	42814
34691	42815
38676	1751
38676	38677
1752	1753
1752	1754
1752	1891
1752	10292
1753	1752
1753	1755
1753	1890
1753	1891
1754	1752
1754	1755
1754	37139
1891	1752
1891	1753
1891	1890
1891	1899
10292	1752
10292	10158
10292	10293
1755	1753
1755	1754
1755	1890
1890	1753
1890	1755
1890	1891
1890	1900
37139	1754
37139	36250
37139	41063
37139	43427
1756	1757
1756	1758
1756	35788
1756	1603391
1757	1756
1757	1758
1757	42531
1758	1756
1758	1757
1758	35790
35788	1756
35788	1913
35788	35789
1603391	1756
1603391	1603390
1603391	1608640
42531	1757
42531	42532
42531	1603390
35790	1758
35790	34724
35790	34774
36247	1760
36247	36246
36247	36250
1767	1761
1767	1766
1767	1772
1771	1761
1771	1770
1771	1815
1763	1762
1763	1764
1763	37112
37114	1762
37114	37113
37114	37115
1764	1763
1764	1765
1764	37111
37112	1763
37112	37113
1765	1764
1765	1766
1765	39932
37111	1764
37111	37116
1766	1765
1766	1767
1766	37138
39932	1765
1772	1767
1772	1769
1768	1769
1768	1770
1768	1786
1769	1768
1769	1772
1769	1785
1769	37137
1770	1768
1770	1771
1770	1859
1786	1768
1786	1784
1786	1860
1785	1769
1785	1784
1785	37136
37137	1769
1859	1770
1859	1858
1859	1861
1815	1771
1815	1816
1815	1817
1773	1774
1773	1775
1773	1886
1774	1773
1774	1781
1774	1887
1774	37128
1775	1773
1775	1776
1775	1889
1886	1773
1886	1885
1886	1889
1886	10097
1781	1774
1781	1780
1781	37129
1887	1774
1887	1884
1887	37127
37128	1774
1889	1775
1889	1886
1889	1888
1880	1776
1880	1879
1880	1888
1778	1777
1778	1779
1830	1777
1831	1777
1831	1832
1831	1833
1779	1778
1779	1780
1779	1844
1780	1779
1780	1781
1780	37130
1844	1779
1844	1842
1844	1862
37130	1780
37129	1781
1784	1785
1784	1786
1784	37136
37136	1784
37136	1785
1860	1786
1860	1855
1860	37135
1787	1788
1787	1795
1787	1799
1788	1787
1788	1789
1788	24772
1795	1787
1795	1794
1795	1800
1789	1788
1789	1790
1789	24773
1790	1789
1790	1791
1790	24773
24773	1789
24773	1790
24773	24772
1791	1790
1791	1792
1792	1791
1792	1793
1792	24685
1793	1792
1793	1794
1793	23853
24685	1792
1794	1793
1794	1795
1794	1803
23853	1793
23853	23851
23853	23854
1803	1794
1803	1801
1803	1804
1800	1795
1800	1801
1796	1797
1796	1804
1796	1805
1804	1796
1804	1803
1804	28782
1804	29233
1805	1796
29232	1797
1801	1800
1801	1802
1801	1803
1802	1801
29233	1804
29233	29234
29233	29235
28782	1804
28782	28781
28782	28783
28782	29080
1806	25341
25341	1806
25341	25047
25341	25342
1807	1808
1807	1811
1807	42533
1808	1807
1808	1809
1811	1807
1811	1810
1811	41439
42533	1807
42533	42532
42533	1603387
1809	1808
1809	1810
1810	1809
1810	1811
1810	5283
5283	1810
5283	5284
41439	1811
41439	32759
41439	41440
1829	1813
1829	1828
1829	1839
1818	1814
1818	1817
1818	1819
1816	1815
1817	1815
1817	1818
1817	1826
1826	1817
1826	1827
1826	1861
1821	1822
1821	1823
1821	21557
1821	21611
1822	1821
1822	1823
1822	2854
1822	5295
1822	21888
1823	1821
1823	1822
1823	21564
1823	21586
21557	1821
21557	21556
21557	21600
21611	1821
21611	21598
21611	21600
21611	21610
5295	1822
5295	2855
5295	21886
2854	1822
2854	2855
2854	2856
2854	5440
21888	1822
21888	21610
21888	21887
21564	1823
21564	21563
21564	21587
21586	1823
21586	2825
21586	21591
21586	21882
1839	1824
1839	1829
1839	1840
1827	1826
1827	1828
1827	1857
1861	1826
1861	1858
1861	1859
1828	1827
1828	1829
1828	1840
1857	1827
1857	1856
1857	1858
1840	1828
1840	1839
1840	1841
1832	1831
1833	1831
1833	1834
1833	1835
1834	1833
1835	1833
1835	1836
1835	1837
1836	1835
1837	1835
1837	1838
1837	1871
1871	1837
1871	1870
1871	1872
1882	1838
1882	1881
1882	10101
1868	1838
1868	1869
1868	1870
1841	1840
1841	1842
1841	1856
1842	1841
1842	1843
1842	1844
1856	1841
1856	1854
1856	1857
1843	1842
1862	1844
1862	1854
1846	1845
1846	1847
26487	1845
26487	26295
26487	26483
26487	36695
26498	1845
26498	26482
26498	26496
26498	36695
1847	1846
1847	1848
1847	26295
1848	1847
1848	1849
1848	26126
26295	1847
26295	26296
26295	26483
26295	26487
1849	1848
1849	1850
1849	26125
26126	1848
26126	26125
26126	26127
26126	26288
1850	1849
1850	1851
1850	26195
1850	26197
1850	26279
26125	1849
26125	26126
26125	26128
1851	1850
1851	1852
1851	26287
1851	26366
26195	1850
26195	26196
26195	26287
26195	26360
26197	1850
26197	26198
26197	26250
26279	1850
26279	26128
26279	26250
26287	1851
26287	26195
26287	26382
26366	1851
26366	26367
26366	26475
1853	1852
1854	1855
1854	1856
1854	1862
1855	1854
1855	1860
1855	37131
37131	1855
37131	37132
37131	37134
1858	1857
1858	1859
1858	1861
37135	1860
1863	1864
1863	1867
1863	32902
1864	1863
1864	1865
1864	33712
1864	41695
1867	1863
1867	1866
1867	1968
1867	1974
32902	1863
32902	32903
32902	32918
32902	36838
1865	1864
1865	1866
1865	32941
1865	32942
33712	1864
33712	33713
33712	43189
41695	1864
41695	32886
41695	42125
41695	42126
1866	1865
1866	1867
1866	1968
1866	32941
32941	1865
32941	1866
32941	1969
32941	32940
32942	1865
32942	32943
32942	33714
1968	1866
1968	1867
1968	1969
1974	1867
1974	1972
1974	32903
1870	1868
1870	1871
1872	1869
1872	1871
1873	1874
1873	1875
1873	37172
1874	1873
1874	1878
1874	10293
1874	38736
1875	1873
1875	1876
1875	10099
1875	37364
1878	1874
1878	1877
1878	10159
10293	1874
10293	10159
10293	10292
38736	1874
38736	38737
38736	41325
1876	1875
1876	1877
1876	10098
37364	1875
37364	10099
37364	42610
1877	1876
1877	1878
1877	37158
10098	1876
10098	10097
37158	1877
10159	1878
10159	10158
10159	10160
10159	10293
1879	1880
1879	1881
1879	10103
1881	1879
1881	1882
1881	10102
10103	1879
1888	1880
1888	1889
10102	1881
10101	1882
1884	1885
1884	1887
1884	37126
1885	1884
1885	1886
1885	10138
37126	1884
10138	1885
10138	10097
10138	10158
10138	37125
10097	1886
10097	10098
10097	10138
10097	10160
37127	1887
1900	1890
1900	1901
1900	32420
1900	32422
1899	1891
1899	1898
1899	41318
1899	1607720
1892	1893
1892	1895
1892	1954
1893	1892
1893	1894
1893	12625
1895	1892
1895	1894
1895	41529
1954	1892
1954	1953
1954	1955
1894	1893
1894	1895
12625	1893
12625	1949
12625	12626
41529	1895
1896	1897
1896	1901
1896	42798
1896	1603450
1897	1896
1897	1898
1901	1896
1901	1900
1901	1902
1901	32894
42798	1896
42798	42797
42798	1607733
1603450	1896
1603450	1603448
1603450	1603451
1603450	1607721
1898	1897
1898	1899
41318	1899
41318	41319
1607720	1899
1607720	1604053
1607720	1608199
32420	1900
32420	32421
32422	1900
32422	32423
1902	1901
1902	1903
32894	1901
32894	32893
1903	1902
1904	1905
1904	1906
1904	13002
1904	13005
1905	1904
1905	1909
1905	12957
1905	12958
1905	13057
1905	13058
1906	1904
1906	1907
1906	12483
13005	1904
13005	13004
13002	1904
13002	13001
13002	13058
13002	13066
1909	1905
1909	1908
1909	12931
12957	1905
12957	12958
12957	13043
12957	13048
12958	1905
12958	12931
12958	12954
12958	12957
13057	1905
13057	13055
13058	1905
13058	13002
13058	37620
1907	1906
1907	1908
1907	12485
1907	12931
12483	1906
12483	12482
12483	13004
12483	36031
1908	1907
1908	1909
12485	1907
12485	12473
12485	12484
12931	1907
12931	1909
12931	12934
12931	12958
1910	1911
1910	1913
1910	35787
1911	1910
1911	1912
1911	1931
1911	1603251
1913	1910
1913	1912
1913	35788
35787	1910
35787	35791
35787	35942
1912	1911
1912	1913
1912	1603251
1931	1911
1931	1928
1931	1930
1931	1603577
1603251	1911
1603251	1912
1603251	1603576
1603251	1606296
1914	1915
1914	1917
1914	24226
1914	24227
1915	1914
1915	1916
1915	1921
1915	1922
1917	1914
1917	1916
1917	24222
1917	24224
1917	24237
24226	1914
24226	1922
24226	24225
24227	1914
24227	24224
24227	24228
24227	38130
1916	1915
1916	1917
1916	24236
1916	24237
1921	1915
1921	1922
1921	24236
1922	1915
1922	1921
1922	24226
1922	24235
24237	1916
24237	1917
24237	23701
24237	23721
24236	1916
24236	1921
24236	23721
24236	24252
24236	40619
24222	1917
24222	24223
24222	24247
24224	1917
24224	24223
24224	24227
24224	38130
36987	1918
36980	1919
24235	1922
24235	24225
24235	40619
1923	1924
1923	1926
1923	1927
1924	1923
1924	1925
1924	1926
1926	1923
1926	1924
1926	13810
1927	1923
1925	1924
13810	1926
13810	13809
13810	13811
1928	1929
1928	1931
1928	1937
1929	1928
1929	1930
1929	1936
1929	1603249
1937	1928
1937	1933
1937	35762
1937	35791
1930	1929
1930	1931
1936	1929
1936	1935
1936	1606260
1603249	1929
1603249	1603248
1603249	1603250
1603577	1931
1603577	1603541
1603577	1603576
1932	1933
1932	1934
1932	1940
1932	1993
1933	1932
1933	1937
1933	35832
1934	1932
1934	1935
1934	1943
1934	1603250
1940	1932
1940	1941
1940	1992
1940	1606251
1993	1932
1993	1994
1993	35835
35832	1933
35832	35762
35832	35820
35832	35836
1935	1934
1935	1936
1943	1934
1943	1942
1943	1944
1603250	1934
1603250	1603249
1606260	1936
35791	1937
35791	35763
35791	35787
35762	1937
35762	35761
35762	35763
35762	35832
1938	1939
1938	31330
1938	31464
1939	1938
1939	31253
1939	31331
1939	40421
31330	1938
31330	31329
31330	31464
31464	1938
31464	31330
31464	31465
31253	1939
31253	25445
31253	31249
31253	31329
31331	1939
31331	25452
31331	31332
31331	31467
40421	1939
40421	25447
40421	40422
1941	1940
1941	1942
1941	1603248
1992	1940
1992	1990
1992	1991
1606251	1940
1942	1941
1942	1943
1603248	1941
1603248	1603249
1603248	1606250
1944	1943
1945	1946
1945	1967
1945	37587
1946	1945
1946	1947
1946	37589
1967	1945
1967	1966
1967	37582
37587	1945
37587	37586
1947	1946
1947	1948
1947	1949
37589	1946
37589	37588
37589	37591
1948	1947
1949	1947
1949	1950
1949	12625
1950	1949
1950	1951
1950	1953
1951	1950
1951	1952
1953	1950
1953	1954
1953	12626
1952	1951
12626	1953
12626	12625
1955	1954
1955	1956
1955	41527
1956	1955
1956	1957
1956	1963
41527	1955
41527	41528
1957	1956
1957	1958
1963	1956
1963	1961
1963	1964
1958	1957
1958	1959
1958	1960
1959	1958
1960	1958
1960	1961
1960	12661
1961	1960
1961	1962
1961	1963
12661	1960
1962	1961
1964	1963
1964	1965
1964	41486
1964	41507
1965	1964
1965	1966
1965	13808
1965	35978
41486	1964
41486	41487
41486	41488
41507	1964
41507	41508
41507	41510
1966	1965
1966	1967
1966	37580
35978	1965
35978	12814
35978	36334
13808	1965
13808	13806
13808	13809
13808	41497
37580	1966
37580	36334
37582	1967
37582	37581
1969	1968
1969	1970
1969	32941
1969	33722
1970	1969
1970	1971
1970	32732
33722	1969
33722	33721
33722	43561
1971	1970
1971	1972
1971	41767
32732	1970
32732	32715
32732	32731
32732	37160
1972	1971
1972	1973
1972	1974
1972	32903
1972	41773
1972	41776
41767	1971
41767	32756
41767	32896
41767	40826
1973	1972
32903	1972
32903	1974
32903	32902
32903	32917
41773	1972
41773	32917
41773	41774
41773	41775
41776	1972
1975	1976
1975	1977
1975	13790
1976	1975
1976	1977
1976	40082
1977	1975
1977	1976
1977	40077
13790	1975
13790	13785
13790	13789
40082	1976
40077	1977
40077	40076
40077	40078
1978	1979
1978	1980
1978	13755
1979	1978
1979	1984
1979	13746
1980	1978
1980	1981
1980	41113
13755	1978
13755	13756
13755	13787
1984	1979
1984	1983
1984	13761
13746	1979
13746	13745
13746	13747
1981	1980
1981	1982
1981	41533
41113	1980
41113	40081
1982	1981
1982	1983
1982	13764
41533	1981
1983	1982
1983	1984
1983	13765
13764	1982
13764	12908
13764	13759
13765	1983
13765	13759
13765	13761
13761	1984
13761	13762
13761	13763
13761	13765
1985	1986
1985	1987
1985	41926
1986	1985
1986	1987
1986	41927
1987	1985
1987	1986
1987	41925
41926	1985
41927	1986
41925	1987
41925	41923
41925	41928
1988	1989
1988	1997
1988	35812
1988	1594981
1989	1988
1989	1990
1989	1606249
1997	1988
1997	1996
1997	35813
35812	1988
35812	35811
35812	35813
1594981	1988
1594981	35810
1594981	1594984
1990	1989
1990	1991
1990	1992
1606249	1989
1606249	1606248
1606249	1607296
1991	1990
1991	1992
1994	1993
1994	1995
1994	35833
35835	1993
35835	35833
1995	1994
1995	1996
1995	35815
35833	1994
35833	35834
35833	35835
1996	1995
1996	1997
1996	35814
35815	1995
35815	35814
35815	35816
35815	35837
35814	1996
35814	35815
35813	1997
35813	35812
1999	1998
1999	2000
1999	7823
2000	1999
2000	2001
2000	7821
7823	1999
7823	7821
7823	7824
7823	7825
7821	2000
7821	7809
7821	7822
7821	7823
2003	2002
2005	2006
2005	2007
2005	11361
2006	2005
2006	2020
2006	10055
2007	2005
2007	2008
2007	11427
11361	2005
11361	11360
11361	11427
2020	2006
2020	2019
2020	10055
10055	2006
10055	2020
10055	10056
2008	2007
2008	2009
2008	11183
2008	37432
11427	2007
11427	11361
11427	37429
2009	2008
2009	2010
11183	2008
11183	11184
11183	37431
37432	2008
2010	2009
2010	2011
2010	11182
2011	2010
2011	2012
2011	10178
2011	10179
11182	2010
11182	11181
11182	11188
2012	2011
2012	2013
2012	2014
10178	2011
10178	10180
10178	11178
10179	2011
10179	10117
10179	10182
2013	2012
2014	2012
2014	2015
2014	11166
2015	2014
2015	2016
2015	11180
11166	2014
11166	11167
11166	11168
11166	11200
2016	2015
2016	2017
11180	2015
11180	11179
11180	11199
2017	2016
2017	2018
2017	11179
2018	2017
2018	2019
2018	10056
11179	2017
11179	11180
11179	11226
11179	11227
2019	2018
2019	2020
10056	2018
10056	10055
10056	11224
10056	11362
2021	2022
2021	32229
2021	32231
2021	32236
2022	2021
2022	32236
2022	32237
32231	2021
32231	32230
32231	32262
32229	2021
32229	32163
32229	32228
32236	2021
32236	2022
32236	32249
32236	32263
32237	2022
32237	32164
32237	32238
2024	2023
2024	2025
2024	1600093
37015	2023
37015	37014
37015	1602046
1600093	2024
1600093	37004
1600093	1600094
37004	2025
37004	37003
37004	1600093
2026	2027
2026	2028
2026	21677
2027	2026
2027	2030
2027	41449
2028	2026
2028	2029
2028	21323
21677	2026
21677	21664
21677	21678
2030	2027
2030	2029
2030	21237
41449	2027
41449	21678
2029	2028
2029	2030
2029	21238
21323	2028
21323	21322
21323	21324
21238	2029
21238	21239
21238	21263
21237	2030
21237	21236
21237	21679
2031	2032
2031	2040
2031	2053
2032	2031
2032	2041
2040	2031
2040	2039
2040	2054
2053	2031
2053	2041
2053	2048
2053	2054
2053	2061
2041	2032
2041	2042
2041	2053
2033	2034
2033	2035
2033	2092
2033	2105
2034	2033
2034	2052
2034	2082
2034	2105
2035	2033
2035	2036
2035	2095
2092	2033
2092	2093
2092	2229
2092	37173
2105	2033
2105	2034
2105	2194
2105	2229
2052	2034
2052	2051
2052	2060
2052	2079
2082	2034
2082	2078
2082	2079
2082	2083
2082	2085
2036	2035
2036	2037
2036	2106
2095	2035
2095	2090
2095	2139
2037	2036
2037	2038
2037	2106
2037	2108
2106	2036
2106	2037
2106	2107
2106	2139
2038	2037
2038	2039
2038	2062
2108	2037
2108	2107
2108	2138
2039	2038
2039	2040
2039	2061
2062	2038
2062	2063
2062	2138
2061	2039
2061	2053
2061	2054
2054	2040
2054	2053
2054	2061
2042	2041
2042	2043
2042	2048
2043	2042
2043	2044
2043	2047
2048	2042
2048	2049
2048	2053
2044	2043
2044	2045
2044	2228
2047	2043
2047	2046
2047	2227
2045	2044
2045	2046
2045	2225
2228	2044
2228	2226
2228	2227
2046	2045
2046	2047
2046	2225
2225	2045
2225	2046
2225	2226
2227	2047
2227	2226
2227	2228
2049	2048
2049	2050
2049	2068
2050	2049
2050	2051
2050	2068
2068	2049
2068	2050
2068	2069
2051	2050
2051	2052
2051	2059
2059	2051
2059	2060
2059	2067
2060	2052
2060	2059
2060	2074
2060	3115
2079	2052
2079	2078
2079	2082
2055	2056
2055	2058
2055	6729
2055	6739
2056	2055
2056	2057
2056	2080
2056	6765
2058	2055
2058	2057
2058	6741
2058	6743
6739	2055
6739	6737
6739	6765
6729	2055
6729	6726
6729	6730
6729	6732
6729	6741
6729	6742
2057	2056
2057	2058
2057	2081
2057	6774
2080	2056
2080	2081
2080	6773
2080	6776
6765	2056
6765	6738
6765	6739
6765	6773
2081	2057
2081	2080
2081	6775
2081	6779
6774	2057
6774	4035
6774	6743
6774	6775
6743	2058
6743	4034
6743	6774
6741	2058
6741	6729
6741	6740
2067	2059
2067	2066
2067	3115
2074	2060
2074	2075
2074	3115
3115	2060
3115	2067
3115	2074
3115	3114
2063	2062
2063	2064
2063	2070
2138	2062
2138	2070
2138	2108
2064	2063
2064	2065
2064	2073
2070	2063
2070	2071
2070	2138
2065	2064
2065	2066
2065	3114
2073	2064
2073	2072
2073	2124
2066	2065
2066	2067
3114	2065
3114	3115
3114	3116
3114	3138
2069	2068
2071	2070
2071	2072
2071	2107
2072	2071
2072	2073
2072	2125
2107	2071
2107	2106
2107	2108
2107	2125
2125	2072
2125	2107
2125	2126
2124	2073
2124	2122
2124	3140
2075	2074
2075	2076
2075	2077
2075	3112
2076	2075
2077	2075
2077	2078
2077	3112
2077	4415
3112	2075
3112	2077
3112	3117
2078	2077
2078	2079
2078	2082
2078	41889
4415	2077
4415	4414
4415	4416
41889	2078
6773	2080
6773	6765
6773	6772
6773	6777
6776	2080
6776	6777
6776	6779
6776	6810
6775	2081
6775	4036
6775	6774
6775	6778
6779	2081
6779	6776
6779	6778
6779	6789
2083	2082
2083	2084
2083	41877
2084	2083
2084	2085
2084	41878
41877	2083
41877	2224
41877	41906
41878	2084
2086	2087
2086	2091
2086	2129
2086	2130
2087	2086
2087	2088
2087	2128
2091	2086
2091	2090
2091	2093
2091	2094
2129	2086
2130	2086
2130	2131
2130	2154
2088	2087
2088	2089
2088	2127
2128	2087
2089	2088
2089	2090
2089	2127
2127	2088
2127	2089
2127	2126
2127	2139
2090	2089
2090	2091
2090	2095
2094	2091
2094	2093
2093	2091
2093	2092
2093	2094
2093	37174
2229	2092
2229	2105
2229	41648
2229	41712
37173	2092
37173	37174
37173	41646
37173	41648
37174	2093
37174	37173
2139	2095
2139	2106
2139	2126
2139	2127
2096	2097
2096	2098
2096	3011
2096	3025
2097	2096
2097	2098
2097	3025
2097	3038
2098	2096
2098	2097
2098	3016
2098	3034
3025	2096
3025	2097
3025	3041
3011	2096
3011	2982
3011	3012
3011	3016
3038	2097
3038	3034
3038	3039
3038	3041
3016	2098
3016	3011
3016	3015
3016	3036
3034	2098
3034	3033
3034	3038
2099	2100
2099	2101
2099	20221
2099	20222
2100	2099
2100	2104
2101	2099
2101	2102
2101	25064
2101	25096
20221	2099
20221	20220
20221	36595
20222	2099
20222	20027
20222	25062
2104	2100
2104	2103
2104	25060
2104	38592
2102	2101
2102	2103
2102	25066
25064	2101
25064	25063
25064	25066
25096	2101
25096	25092
25096	25098
25096	25101
2103	2102
2103	2104
25066	2102
25066	25059
25066	25064
25060	2104
25060	19563
25060	25061
25060	38592
38592	2104
38592	25055
38592	25060
2109	2110
2109	2112
2109	25284
2109	25285
2109	25517
2110	2109
2110	2111
2110	2113
2110	25197
2112	2109
2112	2111
2112	25482
2112	42674
25517	2109
25517	25515
25517	42689
25284	2109
25284	25283
25284	25285
25284	38397
25285	2109
25285	25284
25285	25286
2111	2110
2111	2112
2111	2114
2113	2110
2113	2114
2113	2281
2113	25200
25197	2110
25197	25198
25197	25516
25197	38845
2114	2111
2114	2113
2114	2283
42674	2112
42674	2283
42674	2287
42674	25167
25482	2112
25482	25481
25482	25483
2281	2113
2281	2282
2281	25199
2281	25212
25200	2113
2283	2114
2283	2282
2283	42674
2115	2116
2115	2117
2115	2137
2116	2115
2116	2131
2116	2133
2117	2115
2117	2118
2117	2136
2137	2115
2131	2116
2131	2130
2131	2152
2133	2116
2133	2132
2133	41985
2118	2117
2118	2119
2118	2135
2136	2117
2119	2118
2119	2120
2119	2148
2119	3144
2135	2118
2135	2134
2135	2150
2120	2119
2120	2121
2120	3146
2148	2119
2148	2147
2148	2149
2148	3086
3144	2119
3144	3143
3144	3145
2121	2120
2121	2122
2121	3146
3146	2120
3146	2121
3146	3145
2122	2121
2122	2123
2122	2124
2122	3109
2123	2122
3109	2122
3109	3108
3109	3110
3109	3140
3140	2124
3140	3105
3140	3109
3140	3138
2126	2125
2126	2127
2126	2139
2154	2130
2154	2153
2154	2233
2152	2131
2152	2153
2152	2230
2132	2133
2132	2134
2132	2190
2134	2132
2134	2135
2134	2141
41985	2133
2141	2134
2141	2140
2141	2150
2150	2135
2150	2141
2150	2151
2140	2141
2140	2142
2140	2189
2142	2140
2142	2143
2142	2188
2189	2140
2143	2142
2143	2144
2143	2187
2143	2205
2188	2142
2144	2143
2144	2145
2144	2146
2144	2204
2187	2143
2187	2186
2187	2205
2205	2143
2205	2187
2205	2204
2145	2144
2146	2144
2146	2147
2146	2203
2146	3165
2204	2144
2204	2203
2204	2205
2147	2146
2147	2148
2147	3081
2147	3150
3165	2146
3165	3150
3165	3256
3165	3257
3150	2147
3150	3080
3150	3165
3150	3256
3081	2147
3081	3080
3081	3086
2149	2148
3086	2148
3086	3081
3086	3085
2151	2150
2153	2152
2153	2154
2153	2231
2230	2152
2230	2231
2230	2242
2231	2153
2231	2230
2231	2232
2231	41986
2233	2154
2233	2234
2233	2236
2156	2155
2156	2179
2156	2255
2179	2156
2179	2178
2179	2180
2255	2156
2158	2157
2158	2159
2219	2157
2219	2218
2219	2220
2161	2157
2161	2159
2161	2162
2161	2218
2159	2158
2159	2160
2159	2161
2160	2159
2162	2161
2162	2163
2162	2164
2218	2161
2218	2214
2218	2219
2163	2162
2163	2164
2164	2162
2164	2163
2164	2165
2164	2213
2165	2164
2165	2166
2165	2168
2165	2213
2213	2164
2213	2165
2213	2214
2166	2165
2166	2167
2166	2168
2168	2165
2168	2166
2168	2169
2168	2212
2167	2166
2169	2168
2169	2170
2169	2171
2169	2212
2212	2168
2212	2169
2212	2211
2170	2169
2171	2169
2171	2172
2171	2173
2171	2211
2172	2171
2173	2171
2173	2174
2173	2175
2173	2210
2211	2171
2211	2210
2211	2212
2174	2173
2175	2173
2175	2176
2175	2186
2175	2207
2210	2173
2210	2208
2210	2211
2176	2175
2176	2177
2176	2184
2186	2175
2186	2187
2186	2206
2207	2175
2207	2206
2207	2208
2177	2176
2177	2178
2177	2181
2184	2176
2184	2182
2184	2185
2178	2177
2178	2179
2178	2256
2180	2179
2182	2181
2182	2183
2182	2184
2183	2182
2185	2184
2206	2186
2206	2207
41983	2190
41983	2250
41983	41984
4964	2191
4964	4954
4964	4957
4964	4963
2193	2192
41906	2195
41906	36195
41906	41877
2197	2196
2197	2198
2197	36190
2197	41827
41875	2196
41875	2223
41875	41876
36190	2197
36190	2198
36190	36183
36190	41825
41827	2197
41827	41828
41827	41902
2200	2199
2200	2201
2200	4890
2200	4891
4900	2199
4900	4901
4900	4961
4891	2200
4891	4886
4891	4892
4890	2200
4890	4875
4890	4889
4890	4894
4894	2201
4894	4890
4894	4893
2208	2207
2208	2209
2208	2210
2209	2208
2214	2213
2214	2215
2214	2218
2215	2214
2215	2216
2215	2217
2216	2215
2217	2215
2221	2220
2222	2223
2222	2224
2222	41907
2223	2222
2223	2224
2223	41875
2224	2222
2224	2223
2224	41877
41907	2222
2226	2225
2226	2227
2226	2228
41648	2229
41648	37173
41648	41647
41648	41713
2242	2230
2242	2240
2242	2241
2232	2231
2232	2234
2232	2235
41986	2231
41986	2237
41986	2239
2234	2232
2234	2233
2234	2235
2235	2232
2235	2234
2235	2236
2236	2233
2236	2235
2236	41988
41988	2236
2237	2238
2237	41986
2238	2237
2238	41987
41987	2238
2239	41986
2240	2241
2240	2242
2241	2240
2241	2242
2244	2243
2244	2245
2244	41992
2245	2244
2245	2246
2246	2245
2246	2247
2246	41991
2247	2246
2247	2248
2248	2247
2248	2249
2248	41991
2252	2251
2252	2253
2252	2254
2253	2252
2257	2256
2259	2260
2259	2261
2259	38590
2259	41185
2260	2259
2260	2266
2260	41186
2261	2259
2261	2262
2261	28474
2261	28475
38590	2259
38590	38591
38590	41204
41185	2259
41185	41184
41185	41205
2266	2260
2266	2264
2266	12028
41186	2260
2262	2261
2262	2263
2262	2264
2262	12025
28474	2261
28474	28317
28474	28436
28475	2261
28475	28476
28475	38589
2263	2262
2264	2262
2264	2265
2264	2266
12025	2262
12025	12026
12025	12027
2265	2264
12028	2266
12028	12027
2267	2268
2267	2270
2268	2267
2268	2269
2268	22286
2268	139767
2270	2267
2270	2269
2270	22299
2270	139766
2269	2268
2269	2270
2269	22285
22286	2268
22286	22285
22286	22438
22286	139815
139767	2268
139767	139765
139767	139775
22285	2269
22285	22281
22285	22286
22299	2270
22299	21379
22299	40690
22299	139773
139766	2270
139766	139765
139766	139768
2272	2271
2272	2273
2272	2279
2272	2280
2279	2272
2279	2277
2280	2272
2280	2278
16396	2273
16396	16395
16396	16469
2274	2275
2274	2276
2274	2595
2274	35987
2275	2274
2275	2276
2275	2593
2275	2618
2276	2274
2276	2275
2276	2430
2276	22448
2595	2274
2595	2594
2595	35985
35987	2274
35987	35986
35987	35988
2593	2275
2593	2592
2593	2617
2593	40941
2618	2275
2618	2619
2618	2664
22448	2276
22448	22447
22448	22449
2430	2276
2430	2429
2430	40560
2277	2278
2277	2279
2277	16397
16397	2277
2282	2281
2282	2283
2282	2284
2282	2287
25199	2281
25199	25198
25199	25211
25199	25218
25212	2281
25212	3876
25212	25213
2284	2282
2284	2285
2284	3875
2284	3876
2287	2282
2287	2286
2287	25418
2287	42674
2285	2284
2285	2286
2285	4353
3875	2284
3875	3879
3875	4354
3876	2284
3876	3877
3876	25212
2286	2285
2286	2287
2286	38204
2286	42473
4353	2285
4353	4352
42473	2286
42473	4749
42473	25231
42473	25239
38204	2286
38204	25214
38204	38203
25418	2287
25418	25417
25418	25419
2288	2289
2288	2290
2288	2291
2288	2348
2289	2288
2289	2290
2289	2311
2289	4403
2289	4404
2290	2288
2290	2289
2290	2297
2290	4405
2291	2288
2291	2292
2291	2929
2348	2288
2348	2346
2348	2925
2311	2289
2311	2312
2311	4403
4403	2289
4403	2311
4403	4402
4404	2289
2297	2290
2297	2296
2297	2507
2297	36012
4405	2290
4405	4406
4405	4407
2292	2291
2292	2293
2292	2508
2292	2929
2929	2291
2929	2292
2929	2928
2293	2292
2293	2294
2293	2509
2508	2292
2508	2509
2508	2510
2508	2516
2508	2926
2508	2928
2294	2293
2294	2295
2509	2293
2509	2295
2509	2508
2295	2294
2295	2296
2295	2509
2296	2295
2296	2297
2296	2504
2504	2296
2504	2505
2504	2515
2507	2297
2507	2506
2507	41381
36012	2297
36012	36011
36012	36013
2298	2299
2298	2300
2298	2599
2299	2298
2299	2300
2299	2526
2300	2298
2300	2299
2300	2525
2599	2298
2599	2600
2599	2925
2526	2299
2526	2518
2526	2520
2525	2300
2525	2382
2525	2610
2301	2302
2301	2303
2301	42147
2302	2301
2302	2310
2302	42145
2303	2301
2303	2304
2303	40753
42147	2301
2310	2302
2310	2309
42145	2302
42145	2315
42145	42146
42145	42189
2304	2303
2304	2305
2304	40752
40753	2303
40753	40752
40753	40754
40753	40760
2305	2304
2305	2306
2305	42937
40752	2304
40752	2983
40752	40753
2306	2305
2306	2307
2306	42955
42937	2305
42937	42936
42937	42938
2307	2306
2307	2308
2307	42952
42955	2306
2308	2307
2308	2309
2308	42954
42952	2307
42952	42953
2309	2308
2309	2310
42954	2308
42954	42953
2312	2311
2312	2313
2312	2314
2312	12939
2313	2312
2314	2312
2314	2315
12939	2312
12939	12937
12939	12940
12939	42980
2315	2314
2315	2316
2315	42145
2315	42979
2316	2315
2316	2317
42979	2315
42979	42978
42979	42985
2317	2316
2317	2318
2318	2317
2318	2319
2318	42959
2319	2318
2319	2320
2319	42966
42959	2318
42959	42958
42959	42976
2320	2319
2320	2321
2320	2322
42966	2319
42966	2344
42966	42965
2321	2320
2322	2320
2322	2323
2322	42991
2323	2322
2323	2324
2323	42990
42991	2322
42991	42992
42991	43107
2324	2323
2324	2325
2324	2326
42990	2323
2325	2324
2326	2324
2326	2327
2326	42989
2327	2326
2327	2328
2327	42988
42989	2326
2328	2327
2328	2329
2328	42987
42988	2327
2329	2328
2329	2330
2329	2331
42987	2328
2330	2329
2331	2329
2331	2332
2331	42986
2332	2331
2332	2333
2332	2334
42986	2331
2333	2332
2334	2332
2334	2335
2334	2338
2335	2334
2335	2336
2335	2337
2338	2334
2338	2339
2338	2340
2336	2335
2337	2335
2339	2338
2340	2338
2340	2341
2340	42997
2341	2340
2341	2342
2341	2343
42997	2340
2342	2341
2343	2341
2343	2344
2343	42995
2344	2343
2344	2345
2344	42966
42995	2343
42995	42994
42995	42996
42995	43105
2345	2344
2345	2346
2345	42973
2346	2345
2346	2347
2346	2348
42973	2345
42973	42971
42973	42972
2347	2346
2925	2348
2925	2519
2925	2599
2349	2350
2349	2357
2350	2349
2350	2351
2357	2349
2357	2356
2357	22446
2351	2350
2351	2352
2351	2364
2352	2351
2352	2353
2352	2361
2364	2351
2364	2363
2364	36009
2353	2352
2353	2354
2361	2352
2361	2359
2361	2362
2354	2353
2354	2355
2354	2359
2355	2354
2355	2356
2355	2360
2359	2354
2359	2358
2359	2361
2356	2355
2356	2357
2356	36007
2360	2355
2360	2358
2360	2408
36007	2356
22446	2357
22446	22278
22446	22447
22446	36010
2358	2359
2358	2360
2358	2368
2368	2358
2368	2369
2368	2404
2408	2360
2408	2407
2408	36002
2362	2361
2362	2363
2362	2369
2363	2362
2363	2364
2363	36008
2369	2362
2369	2368
2369	2405
36008	2363
36008	2406
36009	2364
2365	2366
2365	2367
2365	4424
2366	2365
2366	2367
2366	4392
2367	2365
2367	2366
2367	42200
4424	2365
4424	4423
4424	42197
4392	2366
4392	4393
4392	42977
42200	2367
42200	42195
2404	2368
2404	2371
2404	2403
2404	2405
2405	2369
2405	2404
2405	2406
2370	2371
2370	2374
2370	2407
2371	2370
2371	2372
2371	2404
2374	2370
2374	2373
2374	36006
2407	2370
2407	2408
2407	36005
2372	2371
2372	2373
2372	2414
2373	2372
2373	2374
2414	2372
2414	2413
2414	2421
2414	22447
2414	36006
36006	2374
36006	2414
36006	36005
2375	2376
2375	2377
2375	2521
2376	2375
